# MEETVAARTUIG         : MILIEUCONTAINER
# MEETDATUM            : 20-08-2026 09:28:14
# MEETGEBIED           : ZEELAND
# STARTPUNT            : GTS29
# EINDPUNT             : GTS21
# PROJECTCODE          : ZTS-ATS-VERTIKALEN
# OPDRACHTGEVER        : WVL
# BEHEERDER            : MOBIEL METEN
# BEMONST. INST        : []
# WAARNEMER(S)         : Damen
#
* 20260820
$ 9999 [00000000000000000000]
>TIJD       uumm                         
>X          coordinaat                   
>Y          coordinaat                   
>SENSHTE    Diepte set           m       
>Echms      Echoset              mtrs    
>Temp       Temperatuur          oC      
>pH         Zuurgraad            pH      
>O2         Zuurstof             mg/l    
>%O2        Zuurstof%            %       
>GELBH      Geleidendheid        mS/cm   
>GELDHD     Geleidendheid        ???     
>SALNTT     Saliniteit           dimsl   
>CL-        Chloride             mg/l    
>CHLFRFU    Chlorofyl            RFU     
>TROEBHFNU  Troebelheid          FNU     
>PHYCOUGL   Phycocyanine         ug/l    
 -1058    70350   410230    0.96   21.65   21.74    8.86    9999   9999    2.06     199    1.13     538    0.45    3.93    0.63
  1058    70350   410230    2.01   21.65   21.70    8.86    9999   9999    2.06     199    1.13     539    0.45    4.51    0.76
  1058    70350   410230    2.93   21.65   21.68    8.85    9999   9999    2.07     200    1.13     541    0.35    4.12    0.59
  1058    70350   410230    3.92   21.65   21.64    8.84    9999   9999    2.07     200    1.13     542    0.44    3.88    0.43
  1058    70350   410230    5.04   21.65   21.62    8.84    9999   9999    2.07     200    1.13     542    0.39    4.17    0.73
  1058    70350   410230    5.97   21.65   21.56    8.84    9999   9999    2.07     200    1.14     544    0.36    3.90    0.33
  1059    70350   410230    6.95   21.65   21.48    8.81    9999   9999    2.08     202    1.15     550    0.47    3.64    0.44
 -1042    71705   409432    1.08   21.65   21.79    8.88    7.39     85    1.96     189    1.07     505    0.58    4.71    1.30
  1043    71705   409432    1.99   21.65   21.77    8.88    7.31     84    1.97     190    1.07     507    0.58    4.79    0.91
  1043    71705   409432    3.05   21.65   21.76    8.87    7.20     83    1.98     191    1.08     510    0.49    4.55    0.77
  1043    71705   409432    3.97   21.65   21.76    8.86    7.10     82    1.98     191    1.08     511    0.60    4.61    0.54
  1044    71705   409432    4.99   21.65   21.77    8.86    7.04     81    1.99     192    1.08     513    0.53    4.76    0.83
  1044    71705   409432    5.97   21.65   21.76    8.86    6.98     80    2.00     192    1.09     516    0.43    3.67    0.49
  1044    71705   409432    7.04   21.65   21.77    8.86    6.92     80    2.01     194    1.10     521    0.39    4.59    0.47
  1045    71705   409432    8.05   21.65   21.83    8.85    6.81     78    2.09     201    1.14     546    0.54    4.12    0.41
  1045    71705   409432    8.95   21.65   21.88    8.83    6.68     77    2.16     208    1.18     571    0.33    5.01    0.44
  1045    71705   409432   10.01   21.65   22.11    8.74    5.76     67    2.97     284    1.64     822    0.40    3.23    0.19
  1046    71705   409432   10.97   21.65   22.02    8.68    5.09     59    3.32     318    1.85     938    0.41    3.45    0.27
  1047    71705   409432   11.97   21.65   21.78    8.52    3.64     42    3.52     339    1.98    1012    0.31    3.39    0.15
  1047    71705   409432   13.07   21.65   19.72    7.93    0.74      8    3.29     331    1.93     983    0.30    1.65    0.04
  1048    71705   409432   13.97   21.65   19.06    7.82    0.44      5    3.23     330    1.93     980    0.27    1.44    0.18
  1048    71705   409432   15.03   21.65   17.47    7.68    0.31      3    3.09     326    1.91     968    0.27    1.64    0.08
  1049    71705   409432   15.98   21.65   17.01    7.63    0.26      3    3.06     326    1.91     967    0.32    4.78    0.20
  1049    71705   409432   17.08   21.65   15.97    7.59    0.23      2    2.98     326    1.91     965    0.42    5.25    0.17
  1049    71705   409432   17.94   21.65   15.58    7.55    0.22      2    2.96     326    1.91     966    0.31    4.67    0.13
  1050    71705   409432   18.97   21.65   15.24    7.49    0.20      2    2.93     326    1.91     966    0.37    3.60    0.05
  1050    71705   409432   19.96   21.65   14.86    7.42    0.19      2    2.93     328    1.92     972    0.54    2.59    0.10
  1050    71705   409432   20.99   21.65   14.69    7.37    0.18      2    2.93     329    1.93     977    0.45    1.99    0.07
 -2359    71420   408820    0.00    9999    9999    9999    9999   9999    9999    9999    9999    9999    9999    9999    9999
  2359    71420   408820    6.00    9999    9999    9999    9999   9999    9999    9999    9999    9999    9999    9999    9999
 -1030    72570   408770    0.91   21.65   21.73    8.87    9999   9999    1.96     189    1.07     503    0.61    6.49    1.14
  1030    72570   408770    1.95   21.65   21.74    8.87    9999   9999    1.98     191    1.08     511    0.65    5.75    1.07
  1031    72570   408770    3.06   21.65   21.74    8.87    9999   9999    1.99     192    1.09     514    0.61    5.89    1.12
  1031    72570   408770    3.90   21.65   21.74    8.87    9999   9999    1.99     192    1.09     515    0.64    5.72    1.05
  1031    72570   408770    5.09   21.65   21.74    8.87    9999   9999    1.99     192    1.09     515    0.62    5.35    0.97
  1031    72570   408770    6.03   21.65   21.74    8.87    9999   9999    1.99     192    1.09     514    0.51    5.67    0.68
  1031    72570   408770    6.92   21.65   21.73    8.86    9999   9999    2.01     194    1.10     520    0.65    5.18    0.80
  1031    72570   408770    7.98   21.65   21.73    8.86    9999   9999    2.01     194    1.10     522    0.51    4.58    0.88
  1031    72570   408770    8.96   21.65   21.71    8.85    9999   9999    2.01     194    1.10     522    0.52    4.95    0.75
  1031    72570   408770   10.00   21.65   21.79    8.78    9999   9999    2.34     225    1.28     630    0.46    4.57    0.52
 -1025    73130   407830    1.05   21.65   21.67    8.79    9999   9999    1.80     174    0.98     452    0.46    5.20    0.88
  1025    73130   407830    1.94   21.65   21.69    8.83    9999   9999    1.81     175    0.98     454    0.62    5.82    1.15
  1025    73130   407830    2.95   21.65   21.69    8.83    9999   9999    1.81     175    0.98     454    0.45    6.11    0.95
  1025    73130   407830    4.05   21.65   21.66    8.82    9999   9999    1.81     175    0.98     454    0.50    5.18    0.68
  1025    73130   407830    4.92   21.65   21.64    8.80    9999   9999    1.81     174    0.98     454    0.54    6.06    0.73
  1025    73130   407830    6.11   21.65   21.65    8.80    9999   9999    1.81     175    0.98     455    0.47    5.35    0.79
  1025    73130   407830    7.02   21.65   21.64    8.79    9999   9999    1.82     176    0.99     459    0.49    4.69    0.76
  1025    73130   407830    8.07   21.65   21.68    8.78    9999   9999    1.88     181    1.02     477    0.44    4.26    0.40
  1025    73130   407830    8.96   21.65   21.84    8.76    9999   9999    2.22     213    1.22     590    0.36    4.24    0.47
  1025    73130   407830    9.91   21.65   22.15    8.60    9999   9999    2.96     283    1.64     819    0.41    4.22    0.36
 -1044    75833   406435    1.05    9999   21.89    8.84    6.79     78    1.51     145    0.81     353    0.67    7.34    1.20
  1044    75833   406435    1.95    9999   21.88    8.84    6.77     78    1.51     145    0.81     353    0.54    7.49    1.11
  1044    75833   406435    2.96    9999   21.89    8.84    6.76     78    1.51     145    0.81     354    0.48    7.94    1.20
  1045    75833   406435    3.96    9999   21.89    8.84    6.74     78    1.51     146    0.81     354    0.57    7.35    0.96
  1045    75833   406435    5.01    9999   21.89    8.84    6.70     77    1.52     146    0.82     355    0.54    7.32    0.91
  1045    75833   406435    6.06    9999   21.90    8.84    6.68     77    1.52     146    0.82     356    0.66    7.00    0.92
  1046    75833   406435    7.04    9999   21.90    8.84    6.67     77    1.52     147    0.82     357    0.50    6.53    1.07
  1046    75833   406435    8.10    9999   21.89    8.84    6.67     77    1.52     146    0.82     357    0.55    6.79    0.86
  1047    75833   406435    8.94    9999   21.89    8.84    6.69     77    1.52     146    0.82     357    0.58    8.65    1.06
  1048    75833   406435   10.06    9999   21.89    8.84    6.69     77    1.53     147    0.82     358    0.62    7.82    1.09
  1048    75833   406435   10.91    9999   21.88    8.82    6.42     74    1.56     150    0.84     368    0.75    9.77    1.15
 -0825    76881   406226    0.90    9999   21.72    8.81    9999   9999    1.47     142    0.79     340    0.61    8.77    1.36
  0826    76881   406226    1.96    9999   21.72    8.81    9999   9999    1.47     142    0.79     340    0.67    7.46    1.38
  0826    76881   406226    2.94    9999   21.72    8.81    9999   9999    1.47     142    0.79     340    0.66    8.67    1.23
  0826    76881   406226    4.00    9999   21.73    8.81    9999   9999    1.47     142    0.79     340    0.72    8.82    1.17
  0826    76881   406226    5.05    9999   21.73    8.81    9999   9999    1.47     142    0.79     342    0.76    7.62    1.33
  0826    76881   406226    5.97    9999   21.73    8.81    9999   9999    1.47     142    0.79     342    0.63    9.12    1.22
  0826    76881   406226    6.93    9999   21.73    8.81    9999   9999    1.47     142    0.79     342    0.63    8.14    1.53
  0826    76881   406226    7.93    9999   21.73    8.81    9999   9999    1.47     142    0.79     342    0.58    8.05    1.41
  0827    76881   406226    8.93    9999   21.73    8.81    9999   9999    1.47     142    0.79     342    0.70    8.79    1.36
  0827    76881   406226    9.92    9999   21.73    8.81    9999   9999    1.48     142    0.79     343    0.81    8.66    1.22
  0827    76881   406226   10.89    9999   21.84    8.77    9999   9999    1.61     155    0.87     387    0.58    7.52    0.99
  0827    76881   406226   11.94    9999   22.00    8.65    9999   9999    1.96     188    1.06     501    0.46    6.29    0.66
 -1002    80508   408180    1.03    9999   21.75    8.76    7.37     85    1.30     125    0.69     288    0.71    7.72    1.31
  1002    80508   408180    2.02    9999   21.77    8.76    7.28     84    1.31     126    0.70     286    0.77    7.29    1.11
  1003    80508   408180    3.05    9999   21.79    8.76    7.25     84    1.31     127    0.70     289    0.69    7.45    1.07
  1003    80508   408180    4.06    9999   21.78    8.76    7.26     84    1.31     126    0.70     287    0.72    7.30    1.07
  1003    80508   408180    5.03    9999   21.79    8.76    7.25     84    1.31     126    0.70     288    0.70    7.30    0.81
  1003    80508   408180    5.93    9999   21.79    8.76    7.21     83    1.31     126    0.70     288    0.71    7.45    0.94
  1004    80508   408180    7.03    9999   21.79    8.76    7.24     83    1.31     126    0.70     288    0.61    7.16    0.98
  1004    80508   408180    8.00    9999   21.80    8.76    7.21     83    1.32     127    0.70     290    0.76    6.77    1.08
  1005    80508   408180    8.94    9999   21.81    8.76    7.17     83    1.32     127    0.71     291    0.80    7.82    1.13
  1005    80508   408180    9.99    9999   21.82    8.76    7.13     82    1.33     128    0.71     293    0.81    6.74    0.86
  1006    80508   408180   10.99    9999   21.83    8.76    7.08     82    1.34     128    0.71     295    0.65    7.82    0.79
  1006    80508   408180   11.96    9999   21.83    8.76    7.02     81    1.34     129    0.72     297    0.76    6.64    0.91
  1006    80508   408180   13.05    9999   21.84    8.75    7.02     81    1.35     130    0.72     301    0.72    8.04    0.92
  1007    80508   408180   13.95    9999   21.83    8.73    6.65     77    1.39     133    0.74     312    0.85   10.32    0.52
  1007    80508   408180   14.89    9999   21.81    8.70    6.01     69    1.45     139    0.78     332    0.63    7.94    0.57
 -0856    83178   408417    0.97    9999   21.70    8.63    9999   9999    1.12     108    0.59     230    0.72    5.92    0.80
  0856    83178   408417    2.01    9999   21.70    8.64    9999   9999    1.12     108    0.60     230    0.77    7.47    0.96
  0856    83178   408417    2.93    9999   21.70    8.64    9999   9999    1.12     108    0.60     230    0.69    6.51    0.93
  0856    83178   408417    3.94    9999   21.69    8.64    9999   9999    1.12     108    0.60     230    0.85    5.30    1.09
  0856    83178   408417    4.94    9999   21.70    8.64    9999   9999    1.12     108    0.60     230    0.75    5.62    0.95
  0856    83178   408417    5.92    9999   21.70    8.64    9999   9999    1.12     108    0.60     230    0.73    6.26    1.10
  0857    83178   408417    6.91    9999   21.70    8.63    9999   9999    1.12     108    0.60     230    0.82    5.80    1.08
 -0928    86060   411520    1.02   21.82   21.82    8.21    7.14     82    0.86      83    0.45     155    0.84    4.20    0.34
  0928    86060   411520    1.95   21.82   21.81    8.21    7.12     82    0.86      83    0.45     154    0.85    3.50    0.41
  0929    86060   411520    3.06   21.82   21.80    8.21    7.14     82    0.86      83    0.45     155    0.86    3.95    0.47
  0929    86060   411520    4.08   21.82   21.79    8.21    7.15     82    0.86      83    0.45     155    0.85    3.57    0.44
  0929    86060   411520    4.94   21.82   21.78    8.23    6.99     81    0.88      85    0.46     161    0.76    4.16    0.60
  0930    86060   411520    6.05   21.82   21.76    8.27    6.44     74    0.92      89    0.48     171    0.76    4.41    0.52
  0930    86060   411520    7.06   21.82   21.76    8.26    6.60     76    0.94      91    0.50     176    0.76    4.29    0.58
  0930    86060   411520    8.04   21.82   21.74    8.26    6.54     75    0.90      87    0.48     167    0.77    4.05    0.41
  0931    86060   411520    9.00   21.82   21.75    8.25    6.72     77    0.92      89    0.49     172    0.84    4.45    0.39
  0931    86060   411520   10.04   21.82   21.75    8.26    6.60     76    0.93      90    0.49     175    0.75    4.30    0.48
