# MEETVAARTUIG         : MILIEUCONTAINER
# MEETDATUM            : 24-06-2026 10:17:54
# MEETGEBIED           : ZEELAND
# STARTPUNT            : VTS01
# EINDPUNT             : VTS17
# PROJECTCODE          : ZTS-ATS-VERTIKALEN
# OPDRACHTGEVER        : WVL
# BEHEERDER            : MOBIEL METEN
# BEMONST. INST        : []
# WAARNEMER(S)         : Bernaards
#
* 20260624
$ 9999 [00000000000000000000]
>TIJD       uumm                         
>X          coordinaat                   
>Y          coordinaat                   
>SENSHTE    Diepte set           m       
>Echms      Echoset              mtrs    
>Temp       Temperatuur          oC      
>pH         Zuurgraad            pH      
>O2         Zuurstof             mg/l    
>%O2        Zuurstof%            %       
>GELBH      Geleidendheid        mS/cm   
>GELDHD     Geleidendheid        ???     
>SALNTT     Saliniteit           dimsl   
>CL-        Chloride             mg/l    
>CHLFRFU    Chlorofyl            RFU     
>TROEBHFNU  Troebelheid          FNU     
>PHYCOUGL   Phycocyanine         ug/l    
 -0805    70432   410167    1.08    8.41   25.27    8.86    9999   9999    1.67     150    0.84     370    0.54    1.01    0.78
  0805    70432   410167    2.03    5.82   25.29    8.86    9999   9999    1.67     150    0.84     369    0.55    0.99    0.59
  0805    70432   410167    3.08    4.78   25.26    8.87    9999   9999    1.67     150    0.84     368    0.59    0.99    0.55
  0805    70432   410167    4.13    3.75   25.01    8.86    9999   9999    1.63     147    0.82     359    0.51    1.02    0.48
  0805    70432   410167    5.05    2.84   24.76    8.86    9999   9999    1.61     146    0.81     356    0.42    0.94    0.44
  0805    70432   410167    5.94    1.97   24.15    8.84    9999   9999    1.70     156    0.87     390    0.54    0.93    0.34
  0805    70432   410167    6.97    0.87   23.51    8.79    9999   9999    1.69     157    0.88     393    0.40    0.90    0.22
 -0813    71700   409500    0.92   16.83   24.03    8.84   12.60    150    1.50     138    0.77     329    0.72    1.00    0.60
  0813    71700   409500    2.04   19.24   23.88    8.83   12.60    149    1.45     133    0.74     312    0.90    1.10    0.24
  0813    71700   409500    3.02   18.55   23.77    8.81   12.50    148    1.40     129    0.72     298    0.77    0.93    0.11
  0813    71700   409500    4.07   17.80   23.64    8.82   12.60    148    1.45     135    0.75     316    0.69    0.99    0.33
  0814    71700   409500    4.97   17.14   23.44    8.83   12.60    149    1.51     140    0.78     336    0.92    0.94    0.50
  0814    71700   409500    6.04   16.03   23.13    8.79   12.50    146    1.55     145    0.81     353    0.85    0.99    0.19
  0814    71700   409500    7.08   14.90   22.72    8.79   12.50    145    1.66     157    0.88     394    0.58    0.80    0.14
  0815    71700   409500    8.04   14.23   21.72    8.57   10.70    122    1.84     177    1.00     464    0.44    0.60    0.09
  0816    71700   409500    9.03   12.84   19.93    8.34    9.88    109    2.88     289    1.67     837    0.27    0.75    0.06
  0816    71700   409500   10.00   11.53   18.66    8.13    9.05     97    2.93     302    1.76     883    0.47    0.60   -0.09
  0817    71700   409500   10.92   10.44   18.15    7.95    7.98     85    3.04     316    1.84     931    0.26    0.64    0.05
  0817    71700   409500   12.00    9.52   17.32    7.79    6.41     67    3.08     326    1.91     967    0.15    0.81    0.04
  0818    71700   409500   12.96    8.50   16.84    7.69    5.45     56    3.03     325    1.90     962    0.27    1.17   -0.00
  0818    71700   409500   14.05    7.66   16.44    7.61    4.48     46    2.98     322    1.89     954    0.23    1.40    0.09
  0819    71700   409500   15.10    6.90   14.90    7.44    1.82     18    2.81     315    1.84     927    0.26    0.93    0.01
  0820    71700   409500   15.93    6.13   14.68    7.42    1.28     13    2.79     314    1.84     923    0.43    0.79   -0.15
  0820    71700   409500   17.05    5.00   14.47    7.40    0.84      8    2.77     313    1.83     920    0.23    0.77    0.00
  0820    71700   409500   18.06    3.93   14.32    7.39    0.55      5    2.75     312    1.83     918    0.23    0.74    0.11
  0820    71700   409500   18.93    3.01   14.21    7.39    0.39      4    2.74     312    1.83     917    0.24    0.85    0.04
  0821    71700   409500   19.97    2.13   14.10    7.39    0.34      3    2.73     312    1.82     916    0.27    0.68    0.13
  0821    71700   409500   21.01    0.95   13.98    7.39    0.29      3    2.73     312    1.83     917    0.32    1.02    0.23
 -0826    71766   408945    1.10    5.57   23.76    8.76    9999   9999    1.81     168    0.94     431    0.76    1.23    0.30
  0826    71766   408945    2.09    4.14   23.84    8.77    9999   9999    1.83     169    0.95     435    0.77    1.15    0.48
  0826    71766   408945    3.10    3.03   23.83    8.75    9999   9999    1.97     182    1.02     481    0.76    1.14    0.31
  0826    71766   408945    3.92    2.36   23.79    8.74    9999   9999    2.11     195    1.11     526    0.78    1.26    0.21
  0826    71766   408945    4.91    1.57   23.83    8.70    9999   9999    2.60     240    1.37     684    0.69    1.30    0.41
  0827    71766   408945    5.90    0.48   23.89    8.69    9999   9999    2.99     276    1.59     793    0.65    1.30    0.38
 -0832    72404   408760    1.03   14.67   24.00    8.81    9999   9999    1.45     134    0.74     313    0.47    0.87    0.54
  0832    72404   408760    1.95    8.84   24.12    8.83    9999   9999    1.48     136    0.76     322    0.54    1.01    0.58
  0832    72404   408760    2.90    8.09   23.97    8.82    9999   9999    1.47     135    0.75     318    0.57    0.96    0.47
  0832    72404   408760    4.09    6.89   23.67    8.81    9999   9999    1.43     133    0.74     311    0.65    0.97    0.10
  0832    72404   408760    5.08    5.80   23.46    8.82    9999   9999    1.44     134    0.75     316    0.63    1.03    0.35
  0832    72404   408760    5.91    5.11   23.30    8.80    9999   9999    1.52     142    0.79     341    0.74    0.98    0.30
  0833    72404   408760    7.07    3.68   23.39    8.77    9999   9999    1.73     161    0.90     407    0.71    1.25    0.18
  0833    72404   408760    8.09    2.70   23.32    8.75    9999   9999    1.81     169    0.95     435    0.60    1.07    0.07
  0833    72404   408760    8.99    1.84   22.31    8.66    9999   9999    2.60     248    1.42     712    0.53    1.17    0.09
  0833    72404   408760    9.97    0.84   20.36    8.43    9999   9999    2.89     287    1.66     832    0.37    1.10    0.13
 -0837    73093   407919    0.91    8.93   23.74    8.80    9999   9999    1.38     128    0.71     294    0.67    0.91    0.22
  0838    73093   407919    2.06    7.35   23.77    8.80    9999   9999    1.38     128    0.71     292    0.61    0.93    0.42
  0838    73093   407919    3.11    6.56   23.65    8.80    9999   9999    1.40     129    0.72     299    0.69    0.93    0.26
  0838    73093   407919    4.10    5.49   23.59    8.80    9999   9999    1.41     131    0.73     304    0.63    0.94    0.43
  0838    73093   407919    5.11    4.83   23.47    8.78    9999   9999    1.60     149    0.83     366    0.69    1.01    0.16
  0838    73093   407919    6.02    4.04   23.26    8.76    9999   9999    1.77     165    0.93     422    0.62    1.03    0.20
  0838    73093   407919    6.91    3.11   23.02    8.73    9999   9999    1.85     174    0.98     451    0.65    0.96    0.07
  0838    73093   407919    7.93    1.74   23.22    8.68    9999   9999    2.32     217    1.24     602    0.62    1.16    0.29
  0838    73093   407919    9.03    0.64   21.56    8.51    9999   9999    2.91     281    1.62     812    0.35    1.09   -0.11
 -0903    75755   406423    1.04    9.62   22.94    8.69   12.00    140    1.18     111    0.61     240    1.57    1.13    0.21
  0904    75755   406423    1.92    8.80   22.92    8.69   12.00    140    1.18     111    0.61     242    1.38    1.10    0.07
  0904    75755   406423    3.05    7.55   22.86    8.69   12.00    140    1.19     112    0.62     244    1.31    0.93    0.11
  0904    75755   406423    3.93    6.60   22.85    8.70   12.00    140    1.20     113    0.62     246    1.41    1.05    0.06
  0905    75755   406423    5.09    5.28   22.76    8.68   12.00    139    1.22     115    0.64     254    1.37    0.95    0.09
  0905    75755   406423    6.00    4.19   22.71    8.67   11.90    138    1.23     116    0.64     256    1.49    0.95    0.00
  0906    75755   406423    7.06    2.67   21.48    8.33    9.34    106    1.57     152    0.85     378    0.48    0.72    0.02
  0906    75755   406423    7.97    1.77   20.98    8.28    9.01    101    1.79     175    0.99     456    0.43    0.79    0.05
  0907    75755   406423    9.01    0.61   20.53    8.25    8.87     99    2.19     217    1.24     601    0.68    0.61   -0.09
 -0925    77103   406213    1.09   12.66   22.65    8.69    9999   9999    1.16     110    0.61     236    1.60    1.24    0.20
  0925    77103   406213    1.97   11.62   22.64    8.69    9999   9999    1.16     110    0.61     236    1.76    1.14    0.18
  0925    77103   406213    3.10   10.63   22.55    8.68    9999   9999    1.16     110    0.61     237    1.59    1.04    0.15
  0925    77103   406213    4.12    9.54   22.51    8.68    9999   9999    1.17     111    0.61     241    1.29    1.08    0.09
  0925    77103   406213    5.16    8.58   22.47    8.68    9999   9999    1.17     112    0.62     242    1.35    1.12    0.06
  0925    77103   406213    6.05    7.97   22.40    8.65    9999   9999    1.19     113    0.62     247    1.21    1.09   -0.04
  0925    77103   406213    7.00    6.78   22.19    8.64    9999   9999    1.37     131    0.73     305    0.96    0.98    0.06
  0925    77103   406213    7.98    5.99   21.95    8.63    9999   9999    1.47     142    0.79     340    0.76    0.82    0.08
  0925    77103   406213    9.02    5.02   21.52    8.51    9999   9999    2.18     211    1.20     581    0.47    0.81    0.02
  0925    77103   406213    9.93    4.75   20.57    8.39    9999   9999    2.40     238    1.36     674    0.40    0.68    0.06
  0925    77103   406213   11.05    3.14   19.48    8.25    9999   9999    2.59     262    1.51     745    0.27    0.71   -0.06
  0925    77103   406213   12.18    1.79   18.87    8.13    9999   9999    2.58     264    1.52     751    0.33    0.94    0.02
  0925    77103   406213   13.09    0.66   17.84    7.84    9999   9999    2.47     259    1.50     751    0.32    1.02    0.02
  0925    77103   406213   13.90    0.27   17.62    7.72    9999   9999    2.44     256    1.48     741    0.38    1.02    0.10
 -1051    80203   408115    0.96   15.39   23.48    8.79   13.20    156    1.09     102    0.56     211    1.94    1.28    0.26
  1051    80203   408115    2.07   14.35   23.13    8.76   13.00    153    1.11     104    0.57     217    2.00    1.18    0.09
  1052    80203   408115    2.95   13.48   23.05    8.75   12.80    150    1.12     105    0.58     220    1.59    1.22    0.17
  1052    80203   408115    3.97   12.42   22.98    8.74   12.70    148    1.12     106    0.58     223    1.63    1.16    0.07
  1052    80203   408115    4.96   11.54   22.83    8.71   12.50    146    1.15     108    0.60     232    1.45    1.15    0.17
  1053    80203   408115    6.04   10.31   22.53    8.67   11.70    136    1.20     114    0.63     250    1.15    0.87    0.10
  1053    80203   408115    6.94    9.45   20.95    8.35    9.81    110    1.74     170    0.96     439    0.53    0.82    0.07
  1054    80203   408115    7.99    8.40   20.19    8.28    9.52    105    1.99     198    1.12     535    0.41    0.63    0.11
  1054    80203   408115    8.96    7.47   19.58    8.15    8.70     95    2.06     207    1.18     568    0.35    0.71   -0.10
  1055    80203   408115    9.98    6.42   19.19    8.02    7.86     85    2.11     215    1.22     594    0.29    0.45    0.07
  1055    80203   408115   10.94    5.45   19.16    8.02    7.75     84    2.11     215    1.23     595    0.34    0.71    0.12
  1056    80203   408115   11.94    4.44   18.78    7.92    7.23     78    2.15     221    1.26     616    0.32    0.84   -0.06
  1056    80203   408115   12.93    3.54   18.72    7.90    7.01     75    2.15     221    1.27     618    0.28    1.14    0.02
  1056    80203   408115   14.03    2.46   18.59    7.85    6.69     72    2.15     221    1.27     617    0.29    1.15    0.10
  1056    80203   408115   15.02    1.39   18.54    7.81    6.41     69    2.14     221    1.27     617    0.25    1.32    0.06
  1057    80203   408115   15.91    0.46   18.41    7.76    5.96     64    2.13     221    1.26     616    0.34    1.43    0.01
 -0954    83586   408507    1.08   11.01   22.42    8.57    9999   9999    1.15     109    0.60     234    1.76    1.07    0.10
  0954    83586   408507    2.07    9.90   22.51    8.59    9999   9999    1.13     107    0.59     227    1.94    1.11    0.18
  0954    83586   408507    2.94    8.75   22.21    8.56    9999   9999    1.17     112    0.62     243    1.90    1.12    0.21
  0954    83586   408507    4.04    7.12   21.85    8.52    9999   9999    1.22     118    0.65     262    1.53    1.13    0.26
  0954    83586   408507    4.95    5.83   21.62    8.47    9999   9999    1.28     124    0.69     284    1.44    0.99    0.16
  0954    83586   408507    5.99    4.37   21.57    8.46    9999   9999    1.30     126    0.70     287    1.19    0.97    0.12
  0954    83586   408507    7.01    3.26   21.43    8.44    9999   9999    1.34     130    0.72     300    1.19    0.97    0.18
  0954    83586   408507    8.02    1.86   21.20    8.39    9999   9999    1.36     133    0.74     310    0.98    1.03    0.07
  0954    83586   408507    9.13    0.29   20.02    8.17    9999   9999    1.72     172    0.96     445    0.62    0.94   -0.08
 -1018    86048   411542    1.08   11.05   21.78    8.28   10.40    119    0.90      86    0.47     165    2.20    1.47    0.21
  1018    86048   411542    2.05   10.23   21.91    8.29   10.40    119    0.88      84    0.46     159    1.63    1.49    0.03
  1018    86048   411542    3.06    9.18   21.74    8.27   10.40    118    0.88      85    0.46     160    1.76    1.50    0.21
  1019    86048   411542    3.98    8.18   21.54    8.29   10.00    114    1.16     113    0.62     245    1.04    1.74    0.03
  1019    86048   411542    5.04    6.93   21.41    8.31    9.84    111    1.21     117    0.65     261    0.90    1.77    0.04
  1019    86048   411542    5.91    5.82   20.71    8.18    8.88     99    1.23     121    0.67     275    0.70    1.61    0.20
  1020    86048   411542    6.99    4.63   19.93    7.95    7.52     83    1.31     131    0.73     305    0.69    1.30    0.07
  1021    86048   411542    7.93    3.95   19.20    7.82    6.79     73    1.38     141    0.79     337    0.45    1.54    0.06
  1021    86048   411542    8.95    2.96   19.15    7.80    6.66     72    1.46     148    0.83     363    0.41    1.55    0.03
  1021    86048   411542    9.97    1.96   19.25    7.81    6.69     73    1.59     161    0.91     409    0.57    1.53    0.02
  1022    86048   411542   10.95    0.97   19.08    7.79    6.51     70    1.55     158    0.89     396    0.41    1.73    0.06
