# MEETVAARTUIG         : MILIEUCONTAINER
# MEETDATUM            : 20-07-2026 11:59:05
# MEETGEBIED           : ZEELAND
# STARTPUNT            : ZTS15
# EINDPUNT             : OESTERDAM
# PROJECTCODE          : VERTIKAAL BASIS
# OPDRACHTGEVER        : WVL
# BEHEERDER            : MOBIEL METEN
# BEMONST. INST        : []
# WAARNEMER(S)         : Bernaards
#
* 20260720
$ 9999 [00000000000000000000]
>TIJD       uumm                         
>X          coordinaat                   
>Y          coordinaat                   
>SENSHTE    Diepte set           m       
>Echms      Echoset              mtrs    
>Temp       Temperatuur          oC      
>pH         Zuurgraad            pH      
>O2         Zuurstof             mg/l    
>%O2        Zuurstof%            %       
>GELBH      Geleidendheid        mS/cm   
>GELDHD     Geleidendheid        ???     
>SALNTT     Saliniteit           dimsl   
>CL-        Chloride             mg/l    
>CHLFRFU    Chlorofyl            RFU     
>TROEBHFNU  Troebelheid          FNU     
>PHYCOUGL   Phycocyanine         ug/l    
 -0913    70346   410195    1.09    6.94   22.77    8.77    9999   9999    0.91      86    0.47     164    0.43    3.59    0.12
  0914    70346   410195    2.07    6.05   22.79    8.77    9999   9999    0.96      91    0.50     177    0.43    4.61    0.33
  0914    70346   410195    2.94    5.12   22.82    8.80    9999   9999    0.99      93    0.51     184    0.54    4.00    0.42
  0914    70346   410195    4.04    3.98   22.82    8.80    9999   9999    1.02      96    0.53     192    0.51    4.22    0.17
  0914    70346   410195    4.94    3.01   22.81    8.78    9999   9999    1.05      99    0.55     203    0.48    4.46    0.11
  0914    70346   410195    6.03    1.89   22.82    8.81    9999   9999    1.06     100    0.55     205    0.52    4.23    0.22
  0915    70346   410195    6.96    0.97   22.82    8.81    9999   9999    1.08     102    0.56     212    0.45    3.89    0.13
 -0924    71700   409500    0.93   17.74   22.78    8.92    9.68    112    2.09     197    1.12     532    0.64    6.32    1.68
  0925    71700   409500    2.00   17.08   22.79    8.92    9.68    112    2.08     197    1.11     531    0.62    6.45    1.07
  0925    71700   409500    2.98   16.74   22.79    8.92    9.66    112    2.08     196    1.11     530    0.72    4.45    1.21
  0925    71700   409500    4.03   16.49   22.79    8.92    9.66    112    2.08     197    1.11     531    0.78    5.73    1.07
  0926    71700   409500    5.01   15.80   22.80    8.91    9.57    111    2.11     199    1.13     538    0.84    4.87    0.83
  0926    71700   409500    5.94   15.30   22.80    8.91    9.49    110    2.10     198    1.12     536    0.78    3.76    0.67
  0927    71700   409500    6.99   14.30   22.81    8.88    9.36    108    2.14     202    1.15     551    0.57    4.27    0.45
  0927    71700   409500    8.01   13.44   22.75    8.80    8.81    102    2.36     223    1.27     623    0.54    2.93    0.08
  0928    71700   409500    8.96   12.40   22.86    8.76    8.56     99    2.51     236    1.35     669    0.66    3.40    0.05
  0929    71700   409500    9.98   11.56   22.75    8.30    5.54     64    3.45     326    1.90     967    0.28    3.95   -0.28
  0929    71700   409500   10.97   10.61   22.72    8.37    5.65     66    3.57     337    1.97    1005    0.38    4.64   -0.36
  0930    71700   409500   11.95    9.59   21.72    8.19    5.27     60    3.51     339    1.98    1011    0.36    5.63   -0.28
  0931    71700   409500   12.92    8.60   17.45    7.48    1.15     12    3.00     317    1.85     936    0.19    2.38   -0.39
  0931    71700   409500   14.00    7.47   16.25    7.41    0.38      4    2.92     317    1.86     937    0.16    2.31   -0.26
  0932    71700   409500   15.02    6.29   15.50    7.42    0.18      2    2.88     318    1.86     939    0.22    1.58   -0.33
  0932    71700   409500   15.93    5.22   15.02    7.45    0.12      1    2.85     318    1.86     940    0.23    1.53   -0.18
  0932    71700   409500   16.99    4.03   14.81    7.46    0.08      1    2.84     318    1.87     940    0.21    2.00   -0.32
  0933    71700   409500   17.93    2.99   14.77    7.47    0.05      1    2.84     319    1.87     940    0.21    1.20   -0.24
  0933    71700   409500   18.99    1.92   14.69    7.47    0.03      0    2.84     319    1.87     941    0.20    0.89   -0.25
  0934    71700   409500   19.94    0.88   14.45    7.46    0.01      0    2.83     320    1.87     945    0.27    1.27   -0.13
 -0940    71420   408820    0.99    5.51   22.84    8.96    9999   9999    2.39     225    1.29     632    0.87    7.25    1.32
  0941    71420   408820    2.05    4.32   22.89    8.96    9999   9999    2.57     242    1.39     691    1.06    5.99    1.16
  0941    71420   408820    2.94    3.34   22.89    8.96    9999   9999    2.56     241    1.38     687    0.99    6.13    1.16
  0941    71420   408820    3.98    2.32   22.91    8.95    9999   9999    2.64     248    1.42     712    1.08    6.21    1.21
  0941    71420   408820    4.96    1.34   22.99    8.96    9999   9999    3.13     294    1.70     856    1.34    6.55    0.89
  0941    71420   408820    5.94    0.37   23.11    8.89    9999   9999    4.11     385    2.26    1172    1.15    4.08    0.33
 -1001    72554   408719    1.10   10.25   22.71    8.94    9999   9999    1.34     126    0.70     288    0.56    5.67    1.30
  1001    72554   408719    1.97    9.43   22.71    8.94    9999   9999    1.38     130    0.72     301    0.59    6.13    1.05
  1001    72554   408719    3.10    8.23   22.74    8.94    9999   9999    1.44     136    0.75     320    0.36    5.99    1.04
  1001    72554   408719    4.08    7.31   22.91    8.91    9999   9999    1.58     148    0.83     363    0.45    4.89    0.32
  1001    72554   408719    5.08    6.34   23.05    8.84    9999   9999    1.85     173    0.97     449    0.50    3.23    0.01
  1001    72554   408719    6.01    5.39   23.03    8.82    9999   9999    1.97     185    1.05     491    0.46    2.97    0.09
  1002    72554   408719    7.00    4.41   23.01    8.79    9999   9999    2.07     195    1.10     524    0.43    2.67   -0.08
  1002    72554   408719    8.02    3.27   23.02    8.78    9999   9999    2.12     199    1.13     538    0.40    2.86   -0.04
  1002    72554   408719    9.00    2.16   23.07    8.76    9999   9999    2.24     210    1.19     577    0.34    2.70    0.22
  1002    72554   408719   10.00    1.26   23.11    8.74    9999   9999    2.61     245    1.40     699    0.57    3.96   -0.02
  1002    72554   408719   10.91    0.28   22.80    8.70    9999   9999    3.07     290    1.68     840    0.51    4.12    0.06
 -1009    73053   407989    1.02    8.95   22.85    8.95    9999   9999    1.88     177    1.00     463    0.63    8.51    1.74
  1009    73053   407989    1.94    7.90   22.85    8.95    9999   9999    1.88     177    1.00     463    0.51    8.92    1.65
  1009    73053   407989    3.09    6.69   22.85    8.95    9999   9999    1.88     177    1.00     464    0.59    8.55    1.17
  1010    73053   407989    3.97    5.69   22.85    8.95    9999   9999    1.88     177    1.00     462    0.59    9.05    2.21
  1010    73053   407989    4.92    4.71   22.85    8.94    9999   9999    1.88     177    1.00     463    0.63    8.51    1.58
  1010    73053   407989    5.93    3.59   22.85    8.94    9999   9999    1.88     177    1.00     464    0.61    7.61    1.24
  1010    73053   407989    6.99    2.43   22.86    8.94    9999   9999    1.91     180    1.01     472    0.48    6.57    0.57
  1010    73053   407989    7.92    1.50   23.06    8.87    9999   9999    2.23     209    1.19     574    0.45    3.81    0.15
  1010    73053   407989    9.01    0.48   23.10    8.58    9999   9999    3.31     310    1.80     912    0.34    3.39    0.00
 -1036    75736   406397    1.02    8.73   22.81    8.85    9.99    115    1.54     146    0.81     354    0.63   10.63    2.84
  1037    75736   406397    2.04    7.64   22.83    8.85   10.00    116    1.55     146    0.81     355    0.55   11.50    3.50
  1038    75736   406397    3.08    6.75   22.83    8.85   10.00    116    1.55     146    0.81     355    0.64    8.49    2.12
  1038    75736   406397    4.03    5.75   22.80    8.83    9.86    114    1.54     145    0.81     354    0.54    7.39    1.27
  1039    75736   406397    5.03    4.75   22.78    8.82    9.82    113    1.54     145    0.81     353    0.49    7.89    0.69
  1039    75736   406397    6.04    3.74   22.74    8.82    9.73    112    1.53     145    0.81     352    0.49    4.91    0.98
  1040    75736   406397    6.96    2.89   22.68    8.80    9.62    111    1.53     144    0.81     350    0.46    5.12    0.56
  1040    75736   406397    8.08    1.72   22.38    8.77    9.19    105    1.52     145    0.81     351    0.47    4.64    0.26
  1040    75736   406397    9.06    0.75   22.37    8.78    9.08    104    1.52     145    0.81     352    0.52    5.66    0.31
 -1102    77068   406149    0.91   13.40   22.67    8.70    9999   9999    1.41     133    0.74     312    0.71   10.57    2.73
  1102    77068   406149    1.94   12.20   22.65    8.69    9999   9999    1.40     132    0.74     308    0.71    8.21    1.97
  1102    77068   406149    2.93   11.14   22.63    8.69    9999   9999    1.39     132    0.73     306    0.71    7.34    1.65
  1102    77068   406149    3.96   10.24   22.64    8.69    9999   9999    1.39     131    0.73     305    0.59    8.78    1.59
  1103    77068   406149    5.05    9.07   22.62    8.67    9999   9999    1.38     130    0.72     302    0.73   11.19    0.77
  1103    77068   406149    5.97    0.47   22.63    8.68    9999   9999    1.38     131    0.73     304    0.60    8.83    0.93
  1103    77068   406149    7.01    0.33   22.62    8.68    9999   9999    1.38     131    0.73     302    0.74   10.61    1.10
  1103    77068   406149    7.91    0.31   22.62    8.67    9999   9999    1.38     130    0.73     302    0.76    6.11    0.83
  1103    77068   406149    8.92    4.79   22.54    8.65    9999   9999    1.36     129    0.71     296    0.61    6.35    0.50
  1104    77068   406149    9.94    3.77   22.50    8.65    9999   9999    1.35     128    0.71     294    0.72    7.17    1.16
  1104    77068   406149   11.00    2.82   22.49    8.64    9999   9999    1.34     128    0.71     292    0.60    4.53    0.75
  1104    77068   406149   12.05    1.75   22.42    8.63    9999   9999    1.34     127    0.70     290    0.64    5.51    0.19
  1104    77068   406149   12.98    0.92   22.50    8.67    9999   9999    1.38     131    0.73     305    0.73    5.37    0.41
 -1239    80185   408104    0.99   15.12   23.13    8.54    8.89    103    1.37     129    0.71     296    0.52    4.99    0.57
  1240    80185   408104    2.05    0.00   23.13    8.54    8.90    103    1.37     129    0.71     295    0.47    4.74    0.58
  1240    80185   408104    2.92   12.67   23.13    8.54    8.87    103    1.37     129    0.71     296    0.49    4.70    0.49
  1241    80185   408104    3.97   11.34   23.11    8.54    8.88    103    1.37     129    0.71     296    0.48    4.64    0.29
  1242    80185   408104    4.95   10.24   23.09    8.55    8.89    103    1.37     129    0.71     296    0.39    4.36    0.09
  1242    80185   408104    5.99    9.33   23.09    8.55    8.89    103    1.37     129    0.71     296    0.40    5.13    0.30
  1242    80185   408104    7.02    8.53   23.07    8.56    8.93    103    1.37     129    0.72     297    0.46    4.59    0.14
  1243    80185   408104    7.95    7.70   23.07    8.56    8.93    104    1.37     129    0.72     296    0.68    4.54    0.31
  1243    80185   408104    8.98    6.74   23.05    8.56    8.95    104    1.38     129    0.72     297    0.41    4.43    0.34
  1243    80185   408104    9.94    0.00   23.05    8.56    8.96    104    1.38     129    0.72     298    0.50    4.55    0.16
  1244    80185   408104   10.94    4.84   23.04    8.57    8.96    104    1.38     129    0.72     298    0.41    3.65    0.32
  1244    80185   408104   12.00    3.78   23.02    8.56    8.91    103    1.38     129    0.72     299    0.49    4.23    0.31
  1245    80185   408104   12.98    2.85   23.01    8.54    8.78    102    1.38     129    0.72     298    0.50    4.97    0.16
  1245    80185   408104   14.04    1.62   23.00    8.58    8.87    103    1.38     130    0.72     299    0.40    4.36    0.09
  1245    80185   408104   14.95    0.68   22.93    8.55    8.82    102    1.38     130    0.72     299    0.49    6.21    0.16
 -1136    83357   408404    1.04    9.89   22.49    8.53    9999   9999    1.20     114    0.63     251    0.65    8.49    1.40
  1136    83357   408404    2.01    7.20   22.52    8.57    9999   9999    1.23     117    0.65     260    0.53    5.79    0.74
  1136    83357   408404    2.96    6.25   22.52    8.57    9999   9999    1.23     117    0.65     260    0.61    6.51    1.00
  1136    83357   408404    3.98    5.57   22.52    8.57    9999   9999    1.24     118    0.65     263    0.44    6.00    0.48
  1136    83357   408404    4.99    5.39   22.51    8.58    9999   9999    1.25     118    0.65     265    0.40    6.10    0.75
  1136    83357   408404    6.09    4.98   22.48    8.58    9999   9999    1.24     118    0.65     263    0.43    5.50    0.63
  1136    83357   408404    6.92    4.60   22.45    8.58    9999   9999    1.24     118    0.65     263    0.56    7.10    0.67
  1137    83357   408404    7.96    4.44   22.42    8.58    9999   9999    1.24     118    0.65     263    0.58    5.61    0.38
  1137    83357   408404    9.00    3.24   22.42    8.57    9999   9999    1.23     117    0.65     261    0.47    6.34    0.63
  1137    83357   408404    9.92    2.47   22.39    8.55    9999   9999    1.22     116    0.64     256    0.45    6.30    0.71
  1137    83357   408404   10.92    1.86   22.26    8.56    9999   9999    1.22     117    0.65     259    0.41    6.20    0.06
  1137    83357   408404   12.02    0.59   22.27    8.56    9999   9999    1.23     117    0.65     260    0.38    6.32    0.26
 -1159    86080   411493    0.92   10.49   22.84    8.05    7.47     86    0.96      91    0.50     177    0.50    3.33   -0.23
  1202    86080   411493    2.01    9.71   22.81    8.07    7.57     87    0.98      93    0.51     183    0.47    2.88   -0.16
  1203    86080   411493    2.96    8.58   22.73    8.12    7.67     88    1.03      97    0.53     196    0.57    3.32   -0.15
  1203    86080   411493    4.11    7.38   22.71    8.13    7.69     89    1.04      98    0.54     199    0.57    3.25   -0.12
  1204    86080   411493    4.93    6.22   22.74    8.11    7.67     88    1.02      97    0.53     195    0.54    3.13   -0.20
  1204    86080   411493    5.94    5.67   22.66    8.16    7.78     89    1.06     100    0.55     205    0.62    3.16   -0.05
  1204    86080   411493    6.97    4.85   22.60    8.17    7.82     90    1.08     102    0.56     211    0.56    4.09   -0.12
  1205    86080   411493    8.01    3.83   22.48    8.19    7.78     89    1.10     105    0.58     220    0.54    5.33   -0.08
  1205    86080   411493    9.03    2.82   22.47    8.18    7.73     89    1.11     106    0.58     223    0.54    6.28   -0.14
  1206    86080   411493   10.11    1.66   22.22    8.12    7.35     84    1.13     108    0.60     231    0.61    4.87   -0.20
  1206    86080   411493   10.94    0.67   21.89    7.98    6.29     71    1.15     111    0.61     239    0.55    5.51   -0.28
