# VERTIKAAL 2 Milieucontainer
* 25-06-2026 06:35:19
#X: 68975 - Y: 411182
#00 DONARLOCATIE: GTS-19
#08 WAARNEMER(S): bernaards
@ par1.dat

~     X       Y    DATUM   TIJD SENSHTE   Echms       T     pH   O2     %O2   GELBH  GELDHD  SALNTT     CL- CHLFRFU  TROEBHFNU  PHYCOUGL
  68975  411182 20260625 63553    0.96    0.00   23.66   8.16 9.16     128   46.04    4269   30.75   17371    1.94       0.83     -0.29
  68975  411182 20260625 63610    2.02    4.49   23.70   8.15 9.13     128   46.08    4270   30.76   17375    1.90       0.88     -0.31
  68975  411182 20260625 63634    3.05    3.48   22.35   8.16 9.39     128   44.97    4282   30.86   17440    1.89       1.02     -0.13
  68975  411182 20260625 63649    4.03    2.07   21.44   8.11 9.29     125   44.44    4312   31.11   17588    1.71       1.28     -0.28
  68975  411182 20260625 63729    4.98    1.16   20.30   7.95 6.76      89   43.57    4330   31.25   17676    2.21       1.75     -0.22
