# VERTIKAAL 11 Milieucontainer
* 25-06-2026 09:29:20
#X: 56284 - Y: 420511
#00 DONARLOCATIE: GTS-10
#08 WAARNEMER(S): bernaards
@ par1.dat

~     X       Y    DATUM   TIJD SENSHTE   Echms       T     pH   O2     %O2   GELBH  GELDHD  SALNTT     CL- CHLFRFU  TROEBHFNU  PHYCOUGL
  56283  420511 20260625 92939    1.05   11.12   24.05   8.25 8.25     116   47.04    4328   31.23   17644    2.73       0.69     -0.20
  56283  420511 20260625 92956    2.08   10.01   23.97   8.24 8.27     116   46.99    4330   31.25   17657    2.67       0.87     -0.19
  56283  420511 20260625 93011    2.97    9.13   23.91   8.23 8.24     116   46.94    4331   31.25   17659    3.07       0.73     -0.15
  56283  420511 20260625 93030    4.08    7.86   22.28   8.16 8.22     112   45.65    4353   31.43   17772    4.91       0.90     -0.02
  56283  420511 20260625 93123    4.98    6.25   20.83   7.96 6.04      81   44.28    4351   31.42   17772    7.82       1.27      0.26
  56283  420511 20260625 93145    5.94    4.96   20.37   7.93 5.77      76   43.90    4356   31.46   17796    6.63       1.33      0.14
  56283  420511 20260625 93206    6.96    3.61   19.02   7.84 5.30      68   42.73    4363   31.52   17839    1.80       1.01     -0.22
  56283  420511 20260625 93232    7.98    2.17   18.33   7.76 4.55      58   42.16    4370   31.57   17873    1.13       0.61     -0.26
  56283  420511 20260625 93247    9.06    0.99   17.91   7.78 4.61      58   41.85    4378   31.64   17913    0.56       0.95     -0.27
