# VERTIKAAL 7 Milieucontainer
* 25-06-2026 07:59:09
#X: 61355 - Y: 412996
#00 DONARLOCATIE: GTS-14
#08 WAARNEMER(S): bernaards
@ par1.dat

~     X       Y    DATUM   TIJD SENSHTE   Echms       T     pH   O2     %O2   GELBH  GELDHD  SALNTT     CL- CHLFRFU  TROEBHFNU  PHYCOUGL
  61353  412998 20260625 75941    1.11    8.79   25.47   8.34 9.52     137   47.75    4272   30.77   17375    2.15       0.77     -0.35
  61353  412998 20260625 80022    1.93    8.08   25.44   8.34 9.53     137   47.72    4272   30.77   17376    2.44       0.81     -0.28
  61353  412998 20260625 80042    3.08    6.94   25.16   8.34 9.56     137   47.55    4280   30.83   17413    3.42       0.76     -0.13
  61353  412998 20260625 80122    3.95    6.11   25.03   8.34 9.66     138   47.49    4285   30.88   17438    3.65       1.08     -0.17
  61353  412998 20260625 80201    5.00    5.06   24.24   8.32 10.0     142   46.98    4306   31.05   17540    4.78       0.77     -0.12
  61353  412998 20260625 80228    6.04    4.05   22.82   8.23 9.51     131   45.98    4337   31.30   17693    3.94       1.00     -0.22
  61353  412998 20260625 80356    6.99    3.12   19.40   7.86 5.58      72   42.85    4340   31.33   17728    2.64       1.32     -0.11
  61247  413050 20260625 80500    8.06    2.09   18.99   7.78 4.73      61   42.42    4334   31.29   17703    2.78       1.34     -0.02
  61247  413050 20260625 80526    9.04    1.12   18.72   7.76 4.47      57   42.20    4337   31.31   17717    2.49       1.08     -0.10
