# VERTIKAAL 4 Milieucontainer
* 25-06-2026 06:57:00
#X: 66411 - Y: 411636
#00 DONARLOCATIE: GTS-17
#08 WAARNEMER(S): bernaards
@ par1.dat

~     X       Y    DATUM   TIJD SENSHTE   Echms       T     pH   O2     %O2   GELBH  GELDHD  SALNTT     CL- CHLFRFU  TROEBHFNU  PHYCOUGL
  66411  411636 20260625 65710    0.89    8.30   24.65   8.21 8.72     124   46.87    4261   30.69   17330    1.17       0.74     -0.33
  66411  411636 20260625 65744    1.89    0.42   24.10   8.20 8.82     124   46.58    4281   30.85   17426    1.71       1.23     -0.43
  66411  411636 20260625 65815    3.11    0.61   22.87   8.14 8.18     113   45.48    4285   30.88   17451    2.40       1.19     -0.22
  66411  411636 20260625 65830    4.01    0.30   22.17   8.10 8.16     111   45.04    4304   31.04   17544    2.25       1.17     -0.22
  66411  411636 20260625 65913    4.92    0.37   20.55   7.93 5.41      72   43.32    4282   30.85   17451    2.27       1.57     -0.28
  66411  411636 20260625 65932    6.12    3.25   19.57   7.88 6.10      79   42.94    4333   31.28   17694    2.14       1.33     -0.13
  66411  411636 20260625 70021    6.99    2.45   18.92   7.74 4.23      54   42.22    4321   31.18   17641    2.33       1.20     -0.24
  66411  411636 20260625 70052    8.03    1.26   17.75   7.65 3.35      42   41.27    4332   31.27   17699    1.06       1.07     -0.25
