# VERTIKAAL 9 Milieucontainer
* 26-06-2026 10:21:12
#X: 61629 - Y: 413815
#00 DONARLOCATIE: GTS-29
#08 WAARNEMER(S): bernaards
@ par1.dat

~     X       Y    DATUM   TIJD SENSHTE   Echms       T     pH   O2     %O2   GELBH  GELDHD  SALNTT     CL- CHLFRFU  TROEBHFNU  PHYCOUGL
  61629  413815 20260626 102151    0.89    0.31   25.49   8.15 6.98     101   47.81    4276   30.81   17394    1.09       0.61     -0.36
  61629  413815 20260626 102227    2.20    0.49   25.31   8.14 7.18     104   47.64    4275   30.80   17391    1.46       0.86     -0.23
  61629  413815 20260626 102358    2.84    4.15   21.90   8.04 5.73      78   45.32    4355   31.45   17785    4.61       1.33     -0.06
  61629  413815 20260626 102440    4.13    2.60   20.38   7.86 4.92      65   43.94    4358   31.48   17807    4.73       1.59      0.02
  61629  413815 20260626 102545    5.04    1.43   19.91   7.75 3.66      48   43.53    4361   31.50   17822    5.13       1.54      0.14
  61629  413815 20260626 102635    5.96    0.31   19.13   7.58 2.07      27   42.87    4367   31.55   17857   11.73       3.02      0.89
