# VERTIKAAL 1 Milieucontainer
* 26-06-2026 07:51:33
#X: 50912 - Y: 419685
#06 PROJECTCODE: Vertikaal basis
#00 DONARLOCATIE: GTS-21
#08 WAARNEMER(S): bernaards
#21 MEETGEBIED: Zeeland
#22 STARTPUNT: gts20
#23 EINDPUNT: gts1
#51 OPDRACHTGEVER: WVL
#52 BEHEERDER: Mobiel Meten
@ par1.dat

~     X       Y    DATUM   TIJD SENSHTE   Echms       T     pH   O2     %O2   GELBH  GELDHD  SALNTT     CL- CHLFRFU  TROEBHFNU  PHYCOUGL
  50910  419686 20260626 75151    0.95    7.62   26.45   8.30 8.47     125   49.35    4331   31.25   17645    1.63       0.52     -0.20
  50910  419686 20260626 75215    2.03    5.67   26.45   8.31 8.50     126   49.35    4332   31.25   17647    1.89       0.40     -0.25
  50910  419686 20260626 75233    2.99    4.74   26.46   8.31 8.54     126   49.35    4331   31.25   17645    1.92       0.40     -0.21
  50910  419686 20260626 75248    4.04    3.73   26.46   8.31 8.61     127   49.36    4332   31.25   17648    1.92       0.53     -0.29
  50910  419686 20260626 75304    4.97    2.85   26.44   8.31 8.65     128   49.34    4331   31.25   17646    2.00       0.42     -0.27
  50910  419686 20260626 75353    6.00    2.12   22.67   8.07 6.49      90   45.83    4336   31.30   17692    9.79       1.14      0.40
  50910  419686 20260626 75448    6.98    1.85   19.22   7.66 3.50      46   42.83    4355   31.45   17800    3.95       1.10     -0.07
  50910  419686 20260626 75519    7.94    0.96   18.15   7.60 2.95      38   41.92    4363   31.52   17842    1.48       0.89     -0.25
