# VERTIKAAL 8 Milieucontainer
* 26-06-2026 10:05:18
#X: 61458 - Y: 416533
#00 DONARLOCATIE: GTS-28
#08 WAARNEMER(S): bernaards
@ par1.dat

~     X       Y    DATUM   TIJD SENSHTE   Echms       T     pH   O2     %O2   GELBH  GELDHD  SALNTT     CL- CHLFRFU  TROEBHFNU  PHYCOUGL
  61458  416533 20260626 100605    0.94    5.46   26.69   8.22 6.73      99   48.71    4256   30.64   17293    1.24       0.48     -0.33
  61458  416533 20260626 100624    1.99    4.43   26.21   8.24 6.71      99   48.97    4319   31.15   17590    1.78       0.56     -0.10
  61458  416533 20260626 100644    3.07    3.36   22.63   8.10 6.58      91   46.17    4371   31.56   17857    3.17       0.98     -0.20
  61458  416533 20260626 100733    4.06    2.42   19.69   7.79 4.52      59   43.48    4377   31.63   17897    5.47       1.62      0.07
  61458  416533 20260626 100753    5.04    1.43   19.55   7.78 4.23      55   43.31    4372   31.59   17877    4.99       1.45     -0.02
  61458  416533 20260626 100814    6.02    0.45   19.33   7.75 3.90      51   43.04    4366   31.54   17850    5.83       1.57      0.19
