# VERTIKAAL 7 Milieucontainer
* 22-06-2026 11:10:43
#X: 36675 - Y: 395987
#00 DONARLOCATIE: VTS-07
#08 WAARNEMER(S): bernaards
@ par1.dat

~     X       Y    DATUM   TIJD SENSHTE   Echms       T     pH   O2     %O2   GELBH  GELDHD  SALNTT     CL- CHLFRFU  TROEBHFNU  PHYCOUGL
  36676  395984 20260622 111053    0.96    7.76   24.13   7.98 9.69     135   45.73    4201   30.21   17055    2.49       1.24      0.08
  36676  395984 20260622 111107    2.05    7.04   24.05   7.98 9.80     137   45.66    4201   30.20   17052    3.47       1.20      0.17
  36676  395984 20260622 111143    3.09    6.59   23.12   7.87 8.11     111   44.83    4203   30.22   17069    4.17       1.21      0.28
  36676  395984 20260622 111213    4.02    5.40   20.34   7.73 6.80      89   42.53    4223   30.39   17178    5.71       1.47      0.34
  36676  395984 20260622 111238    4.99    4.25   19.41   7.66 6.08      78   42.01    4254   30.64   17328    3.36       1.14      0.26
  36676  395984 20260622 111302    6.05    3.41   18.84   7.61 5.28      67   41.89    4294   30.96   17517    1.48       0.85      0.17
  36676  395984 20260622 111316    7.07    2.57   18.57   7.60 5.06      64   41.81    4311   31.10   17597    0.91       0.55      0.02
  36676  395984 20260622 111331    7.94    1.60   18.30   7.58 4.79      60   41.57    4312   31.11   17601    0.37       0.58      0.18
  36676  395984 20260622 111359    8.99    0.33   18.00   7.52 4.07      51   41.33    4315   31.13   17617    0.30       0.68      0.06
