# VERTIKAAL 9 Milieucontainer
* 22-06-2026 11:36:02
#X: 38256 - Y: 393962
#00 DONARLOCATIE: VTS-09
#08 WAARNEMER(S): bernaards
@ par1.dat

~     X       Y    DATUM   TIJD SENSHTE   Echms       T     pH   O2     %O2   GELBH  GELDHD  SALNTT     CL- CHLFRFU  TROEBHFNU  PHYCOUGL
  38258  393963 20260622 113612    0.95    6.87   24.57   7.98 9.77     137   46.08    4196   30.16   17027    3.56       1.36      0.03
  38258  393963 20260622 113625    2.03    5.86   24.46   7.98 9.75     137   45.99    4197   30.17   17033    3.97       1.51      0.30
  38258  393963 20260622 113640    2.99    4.91   24.30   7.98 9.72     136   45.87    4200   30.19   17046    4.42       1.55      0.14
  38258  393963 20260622 113709    4.04    3.80   24.02   7.98 9.22     129   45.66    4204   30.23   17068    4.06       1.30      0.18
  38258  393963 20260622 113757    4.96    2.74   19.65   7.55 4.36      56   42.32    4264   30.72   17372    3.29       1.08      0.10
  38258  393963 20260622 113810    6.07    1.63   19.11   7.60 4.45      57   42.38    4319   31.16   17631    1.00       0.53      0.14
  38258  393963 20260622 113826    6.93    0.78   18.99   7.61 4.74      61   42.44    4337   31.30   17714    0.96       0.60      0.03
