# VERTIKAAL 6 Milieucontainer
* 22-06-2026 11:03:47
#X: 36102 - Y: 396930
#00 DONARLOCATIE: VTS-06
#08 WAARNEMER(S): bernaards
@ par1.dat

~     X       Y    DATUM   TIJD SENSHTE   Echms       T     pH   O2     %O2   GELBH  GELDHD  SALNTT     CL- CHLFRFU  TROEBHFNU  PHYCOUGL
  36102  396930 20260622 110357    1.03    6.65   23.57   7.92 9.07     125   45.18    4197   30.17   17038    3.09       1.25      0.34
  36102  396930 20260622 110419    2.04    5.89   23.43   7.90 8.53     118   45.02    4194   30.15   17027    3.71       1.30      0.26
  36102  396930 20260622 110434    3.03    4.54   23.02   7.88 8.26     113   44.65    4195   30.16   17031    3.68       1.34      0.22
  36102  396930 20260622 110509    3.99    3.11   20.31   7.71 6.67      87   42.46    4219   30.36   17159    4.21       1.10      0.46
  36102  396930 20260622 110540    5.01    2.05   18.67   7.59 5.14      65   41.37    4256   30.66   17341    1.65       0.82      0.06
  36102  396930 20260622 110555    5.93    1.06   18.67   7.60 5.07      64   41.54    4274   30.81   17426    1.46       0.96      0.03
