# VERTIKAAL 4 Milieucontainer
* 22-06-2026 10:49:42
#X: 34773 - Y: 398185
#00 DONARLOCATIE: VTS-04
#08 WAARNEMER(S): bernaards
@ par1.dat

~     X       Y    DATUM   TIJD SENSHTE   Echms       T     pH   O2     %O2   GELBH  GELDHD  SALNTT     CL- CHLFRFU  TROEBHFNU  PHYCOUGL
  34776  398183 20260622 105041    1.08    4.59   23.25   7.91 8.92     123   44.94    4203   30.22   17067    2.74       1.27      0.02
  34776  398183 20260622 105057    1.98    3.86   23.20   7.91 8.89     122   44.90    4203   30.22   17068    3.08       1.29      0.20
  34776  398183 20260622 105111    2.98    2.86   22.91   7.90 8.77     120   44.67    4205   30.24   17081    3.07       1.22      0.05
  34776  398183 20260622 105151    4.08    1.79   19.00   7.61 5.56      71   41.36    4226   30.41   17198    2.52       0.84      0.24
  34776  398183 20260622 105205    5.03    0.85   18.45   7.60 5.35      67   40.93    4232   30.46   17229    1.39       0.76      0.09
