# VERTIKAAL 15 Milieucontainer
* 22-06-2026 13:01:24
#X: 46209 - Y: 396843
#00 DONARLOCATIE: VTS-15
#08 WAARNEMER(S): bernaards
@ par1.dat

~     X       Y    DATUM   TIJD SENSHTE   Echms       T     pH   O2     %O2   GELBH  GELDHD  SALNTT     CL- CHLFRFU  TROEBHFNU  PHYCOUGL
  46211  396844 20260622 130134    1.01    4.59   24.36   7.95 9.14     129   46.55    4257   30.65   17313    3.14       1.32      0.03
  46211  396844 20260622 130207    2.02    3.59   23.78   8.02 10.6     148   46.30    4281   30.85   17426    4.78       1.61      0.35
  46211  396844 20260622 130239    3.03    2.72   22.04   7.85 7.72     105   45.46    4354   31.44   17777    6.34       1.50      0.55
  46211  396844 20260622 130314    4.09    1.63   21.28   7.75 6.51      87   45.09    4389   31.72   17947    3.57       0.92      0.25
  46211  396844 20260622 130332    5.08    0.72   20.93   7.70 5.98      80   44.88    4401   31.82   18004    2.13       0.85      0.08
