# VERTIKAAL 13 Milieucontainer
* 22-06-2026 12:45:01
#X: 44363 - Y: 396388
#00 DONARLOCATIE: VTS-13
#08 WAARNEMER(S): bernaards
@ par1.dat

~     X       Y    DATUM   TIJD SENSHTE   Echms       T     pH   O2     %O2   GELBH  GELDHD  SALNTT     CL- CHLFRFU  TROEBHFNU  PHYCOUGL
  44363  396388 20260622 124511    1.03    6.23   24.22   8.01 10.0     141   46.29    4244   30.55   17254    4.03       1.27      0.35
  44363  396388 20260622 124528    2.10    5.09   24.08   8.00 9.89     138   46.21    4249   30.59   17278    4.81       1.57      0.37
  44363  396388 20260622 124551    2.98    4.74   24.02   7.98 9.59     134   46.16    4250   30.60   17282    4.67       1.41      0.32
  44363  396388 20260622 124627    3.94    4.15   22.63   7.87 8.23     112   45.03    4263   30.71   17351    7.77       1.51      0.44
  44363  396388 20260622 124705    4.97    3.27   20.79   7.64 4.88      65   44.52    4379   31.64   17902    1.87       0.60      0.24
  44363  396388 20260622 124735    5.97    2.29   20.52   7.61 4.40      58   44.41    4392   31.75   17964    0.53       0.60     -0.05
  44363  396388 20260622 124756    7.00    1.28   20.29   7.61 4.26      56   44.23    4396   31.78   17983    0.46       1.04     -0.01
