# VERTIKAAL 11 Milieucontainer
* 22-06-2026 12:21:31
#X: 41700 - Y: 397139
#00 DONARLOCATIE: VTS-11
#08 WAARNEMER(S): bernaards
@ par1.dat

~     X       Y    DATUM   TIJD SENSHTE   Echms       T     pH   O2     %O2   GELBH  GELDHD  SALNTT     CL- CHLFRFU  TROEBHFNU  PHYCOUGL
  41702  397141 20260622 122156    0.99    8.44   23.73   7.99 10.0     140   45.65    4227   30.41   17175    4.18       1.36      0.29
  41702  397141 20260622 122222    2.03    7.13   23.63   7.98 9.98     138   45.56    4227   30.41   17176    4.77       1.40      0.50
  41702  397141 20260622 122244    3.09    6.03   23.35   7.95 9.62     133   45.36    4231   30.45   17199    4.29       1.25      0.13
  41702  397141 20260622 122327    4.00    4.95   20.95   7.67 5.74      76   43.95    4308   31.07   17568    4.77       1.10      0.39
  41702  397141 20260622 122401    5.02    3.76   20.17   7.64 5.01      66   43.70    4355   31.45   17793    1.76       0.53      0.10
  41702  397141 20260622 122423    6.01    2.87   20.21   7.65 4.89      64   43.94    4375   31.61   17886    0.94       0.34      0.11
  41702  397141 20260622 122436    6.93    1.86   19.90   7.66 4.97      65   43.76    4385   31.69   17935    0.48       0.54      0.03
  41702  397141 20260622 122452    8.03    0.82   19.64   7.66 4.98      65   43.51    4384   31.69   17934    0.23       0.91     -0.03
