# VERTIKAAL 18 Milieucontainer
* 05-08-2026 14:09:05
#X: 47591 - Y: 418804
#00 DONARLOCATIE: GTS-01
#08 WAARNEMER(S): Damen
@ par1.dat

~     X       Y    DATUM   TIJD SENSHTE   Echms       T     pH   O2     %O2   GELBH  GELDHD  SALNTT     CL- CHLFRFU  TROEBHFNU  PHYCOUGL
  47588  418806 20260805 140926    1.04      --   22.10   7.95 6.06      84   46.37    4438   32.12   18169    0.51       1.06      0.02
  47588  418806 20260805 141033    2.04      --   22.07   7.94 5.99      83   46.34    4438   32.12   18170    0.68       1.21     -0.11
  47588  418806 20260805 141059    2.99      --   22.05   7.94 5.99      83   46.32    4437   32.12   18169    1.03       1.13     -0.17
  47588  418806 20260805 141118    3.97      --   22.06   7.95 5.96      82   46.32    4438   32.12   18169    0.84       1.20      0.22
  47588  418806 20260805 141139    5.03      --   22.06   7.95 6.01      83   46.33    4438   32.12   18170    0.89       1.24      0.07
  47588  418806 20260805 141156    5.98      --   22.08   7.95 6.03      83   46.35    4437   32.11   18169    0.96       1.16      0.19
  47588  418806 20260805 141216    7.05      --   22.08   7.95 6.05      84   46.35    4438   32.12   18169    0.95       1.04     -0.00
  47588  418806 20260805 141243    8.03      --   21.66   7.89 5.45      75   45.98    4441   32.14   18186    0.55       1.30     -0.08
  47588  418806 20260805 141313    9.00      --   21.48   7.86 4.93      67   45.78    4438   32.12   18177    0.43       0.95     -0.02
