# VERTIKAAL 4 Milieucontainer
* 05-08-2026 09:55:30
#X: 66387 - Y: 411636
#00 DONARLOCATIE: GTS-17
#08 WAARNEMER(S): Damen
@ par1.dat

~     X       Y    DATUM   TIJD SENSHTE   Echms       T     pH   O2     %O2   GELBH  GELDHD  SALNTT     CL- CHLFRFU  TROEBHFNU  PHYCOUGL
  66387  411636 20260805 95540    1.00      --   23.46   8.01 6.41      91   47.68    4439   32.12   18168    2.10       0.87      0.36
  66387  411636 20260805 95556    2.01      --   23.45   8.01 6.40      91   47.67    4439   32.12   18167    1.87       0.84      0.07
  66387  411636 20260805 95610    3.05      --   23.46   8.01 6.36      90   47.68    4439   32.13   18170    1.56       0.83      0.36
  66387  411636 20260805 95638    4.04      --   23.46   8.01 6.31      89   47.68    4439   32.13   18169    1.55       0.82      0.15
  66387  411636 20260805 95707    4.99      --   23.45   8.00 6.11      86   47.67    4440   32.13   18172    1.39       0.64      0.09
  66387  411636 20260805 95731    6.01      --   23.36   7.97 5.82      82   47.61    4442   32.15   18181    0.91       0.57      0.07
  66387  411636 20260805 95746    7.03      --   23.35   7.97 5.70      81   47.61    4442   32.15   18184    0.92       0.48      0.10
  66387  411636 20260805 95818    8.05      --   23.34   7.97 5.68      80   47.60    4442   32.15   18185    0.82       0.49     -0.08
