# VERTIKAAL 2 Milieucontainer
* 05-08-2026 09:34:27
#X: 68871 - Y: 411231
#00 DONARLOCATIE: GTS-19
#08 WAARNEMER(S): Damen
@ par1.dat

~     X       Y    DATUM   TIJD SENSHTE   Echms       T     pH   O2     %O2   GELBH  GELDHD  SALNTT     CL- CHLFRFU  TROEBHFNU  PHYCOUGL
  68871  411231 20260805 93437    0.94      --   23.19   7.99 6.82      95   45.81    4289   30.91   17466    1.62       1.34      0.32
  68871  411231 20260805 93459    2.04      --   23.41   7.98 6.75      95   46.49    4332   31.26   17668    1.76       0.99      0.16
  68871  411231 20260805 93523    3.06      --   23.34   7.98 6.64      93   46.39    4329   31.22   17655    1.57       0.91      0.04
  68871  411231 20260805 93603    4.06      --   23.44   7.96 6.55      92   46.85    4363   31.51   17814    1.37       0.77      0.10
  68871  411231 20260805 93625    4.99      --   23.45   7.95 6.22      88   47.01    4378   31.63   17882    1.14       0.96     -0.06
  68871  411231 20260805 93652    5.95      --   23.40   7.93 5.95      84   47.14    4395   31.77   17960    0.95       1.00      0.07
  68871  411231 20260805 93708    7.02      --   23.44   7.93 5.96      84   47.32    4408   31.87   18021    0.97       0.88      0.07
  68871  411231 20260805 93739    8.01      --   23.42   7.95 6.30      89   47.51    4427   32.03   18112    1.94       0.81      0.22
