# VERTIKAAL 7 Milieucontainer
* 05-08-2026 10:50:24
#X: 61193 - Y: 413017
#00 DONARLOCATIE: GTS-14
#08 WAARNEMER(S): Damen
@ par1.dat

~     X       Y    DATUM   TIJD SENSHTE   Echms       T     pH   O2     %O2   GELBH  GELDHD  SALNTT     CL- CHLFRFU  TROEBHFNU  PHYCOUGL
  61193  413017 20260805 105034    1.03      --   23.14   8.06 6.90      97   47.44    4445   32.17   18198    1.71       0.77     -0.00
  61193  413017 20260805 105102    1.97      --   23.13   8.06 6.90      97   47.43    4445   32.18   18198    1.73       0.77      0.20
  61193  413017 20260805 105118    2.99      --   23.13   8.06 6.86      96   47.43    4445   32.18   18198    1.49       0.65      0.15
  61193  413017 20260805 105132    4.06      --   23.13   8.06 6.87      97   47.43    4445   32.18   18198    1.58       0.72      0.13
  61193  413017 20260805 105149    5.01      --   23.12   8.05 6.82      96   47.42    4445   32.18   18199    1.48       0.76      0.05
  61193  413017 20260805 105208    6.02      --   23.12   8.05 6.79      95   47.42    4446   32.18   18201    1.48       0.77     -0.02
  61193  413017 20260805 105237    7.00      --   22.94   8.01 6.25      88   47.26    4445   32.18   18200    1.13       0.77      0.07
  61193  413017 20260805 105321    8.07      --   22.09   7.82 4.17      58   46.40    4443   32.16   18193    0.62       0.70      0.02
  61193  413017 20260805 105338    8.95      --   22.00   7.84 4.11      57   46.42    4453   32.24   18241    0.27       0.54      0.10
