# VERTIKAAL 11 Milieucontainer
* 03-08-2026 11:49:11
#X: 36690 - Y: 395925
#00 DONARLOCATIE: VTS-07
#08 WAARNEMER(S): Damen
@ par1.dat

~     X       Y    DATUM   TIJD SENSHTE   Echms       T     pH   O2     %O2   GELBH  GELDHD  SALNTT     CL- CHLFRFU  TROEBHFNU  PHYCOUGL
  36690  395925 20260803 114922    1.03      --   23.22   8.00 7.74     109   46.99    4396   31.78   17969    3.18       0.81      0.36
  36690  395925 20260803 114938    2.03      --   23.09   7.99 7.68     108   46.88    4397   31.79   17974    3.62       0.80      0.42
  36690  395925 20260803 114958    3.02      --   23.08   7.99 7.55     106   46.86    4396   31.78   17968    3.19       0.82      0.18
  36690  395925 20260803 115012    3.95      --   23.00   7.98 7.49     105   46.82    4400   31.81   17989    3.03       0.72      0.19
  36690  395925 20260803 115029    5.01      --   22.92   7.97 7.20     101   46.71    4396   31.78   17971    2.54       0.65      0.28
  36690  395925 20260803 115128    6.00      --   22.47   7.78 4.68      65   46.45    4413   31.91   18050    0.92       0.55      0.01
  36690  395925 20260803 115205    7.04      --   22.17   7.65 2.89      40   46.35    4430   32.05   18133    0.57       0.56      0.04
  36690  395925 20260803 115225    7.97      --   22.06   7.63 2.68      37   46.29    4435   32.09   18155    0.40       0.55      0.13
