# VERTIKAAL 4 Milieucontainer
* 03-08-2026 10:01:31
#X: 45366 - Y: 396437
#00 DONARLOCATIE: VTS-14
#08 WAARNEMER(S): Damen
@ par1.dat

~     X       Y    DATUM   TIJD SENSHTE   Echms       T     pH   O2     %O2   GELBH  GELDHD  SALNTT     CL- CHLFRFU  TROEBHFNU  PHYCOUGL
  45366  396437 20260803 100141    1.05      --   23.30   7.95 6.07      86   48.04    4487   32.51   18392    1.17       0.50      0.07
  45366  396437 20260803 100206    2.05      --   23.30   7.95 6.08      86   48.03    4486   32.51   18392    1.23       0.58      0.06
  45366  396437 20260803 100242    2.95      --   23.30   7.95 6.02      85   48.03    4486   32.51   18390    1.09       0.42      0.10
  45366  396437 20260803 100301    3.98      --   23.29   7.94 5.89      83   48.03    4487   32.51   18393    1.09       0.52     -0.11
  45366  396437 20260803 100322    4.96      --   23.26   7.94 5.77      82   48.03    4490   32.54   18407    0.87       0.45     -0.02
  45366  396437 20260803 100346    6.02      --   23.25   7.92 5.58      79   48.01    4489   32.53   18404    0.70       0.51     -0.06
  45366  396437 20260803 100410    7.09      --   23.24   7.93 5.64      80   48.03    4491   32.55   18415    0.79       0.45      0.03
  45366  396437 20260803 100434    8.01      --   23.21   7.91 5.38      76   48.02    4493   32.56   18423    0.65       0.39     -0.09
  45366  396437 20260803 100452    9.10      --   23.13   7.90 5.13      73   47.97    4496   32.59   18437    0.50       0.59     -0.13
