# VERTIKAAL 7 Milieucontainer
* 03-08-2026 10:34:18
#X: 41845 - Y: 397227
#00 DONARLOCATIE: VTS-11
#08 WAARNEMER(S): Damen
@ par1.dat

~     X       Y    DATUM   TIJD SENSHTE   Echms       T     pH   O2     %O2   GELBH  GELDHD  SALNTT     CL- CHLFRFU  TROEBHFNU  PHYCOUGL
  41845  397227 20260803 103428    1.06      --   22.98   7.87 5.38      76   47.22    4439   32.12   18170    1.26       0.47      0.23
  41845  397227 20260803 103446    2.11      --   22.90   7.87 5.38      76   47.15    4440   32.13   18176    1.70       0.55     -0.00
  41845  397227 20260803 103509    3.04      --   22.83   7.85 5.22      73   47.11    4442   32.15   18184    1.19       0.48      0.19
  41845  397227 20260803 103537    4.02      --   22.85   7.85 5.04      71   47.13    4443   32.16   18188    1.22       0.45      0.17
  41845  397227 20260803 103600    5.03      --   22.87   7.85 4.96      70   47.23    4450   32.21   18222    1.11       0.42      0.17
  41845  397227 20260803 103636    6.03      --   22.72   7.77 4.03      56   47.19    4460   32.30   18270    0.53       0.37     -0.28
  41845  397227 20260803 103700    6.94      --   22.55   7.73 3.41      48   47.19    4475   32.42   18343    0.28       0.60     -0.09
  41845  397227 20260803 103729    8.08      --   22.54   7.73 3.25      45   47.19    4475   32.42   18344    0.19       0.65      0.06
