# MEETVAARTUIG         : MILIEUCONTAINER
# MEETDATUM            : 30-06-2026 10:49:16
# MEETGEBIED           : ZEELAND
# STARTPUNT            : KTS1
# EINDPUNT             : KTS 11
# PROJECTCODE          : KTS-VERTIKALEN
# OPDRACHTGEVER        : WVL
# BEHEERDER            : MOBIEL METEN
# BEMONST. INST        : []
# WAARNEMER(S)         : Bernaards
#
* 20260630
$ 9999 [00000000000000000000]
>TIJD       uumm                         
>X          coordinaat                   
>Y          coordinaat                   
>SENSHTE    Diepte set           m       
>Echms      Echoset              mtrs    
>Temp       Temperatuur          oC      
>pH         Zuurgraad            pH      
>O2         Zuurstof             mg/l    
>%O2        Zuurstof%            %       
>GELBH      Geleidendheid        mS/cm   
>GELDHD     Geleidendheid        ???     
>SALNTT     Saliniteit           dimsl   
>CL-        Chloride             mg/l    
>CHLFRFU    Chlorofyl            RFU     
>TROEBHFNU  Troebelheid          FNU     
>PHYCOUGL   Phycocyanine         ug/l    
 -1050    45602   371896    0.98   11.11   24.23    8.06    9.50    122   24.62    2257   15.21    8490    3.90    2.65    0.64
  1050    45602   371896    1.98   12.45   24.22    8.05    9.40    121   24.61    2256   15.20    8488    3.58    2.59    0.40
  1051    45602   371896    3.13   13.86   24.26    8.05    9.36    121   24.72    2264   15.26    8521    3.68    2.75    0.29
  1051    45602   371896    4.05   13.05   24.25    8.05    9.31    120   24.82    2274   15.33    8563    3.52    2.70    0.57
  1051    45602   371896    4.96   12.45   24.25    8.05    9.29    120   24.74    2268   15.28    8535    3.46    2.65    0.42
  1051    45602   371896    6.06   11.30   24.26    8.04    9.27    120   24.98    2289   15.44    8624    3.99    2.83    0.46
  1052    45602   371896    7.03   10.59   24.18    8.03    9.15    118   25.20    2312   15.62    8723    3.80    3.21    0.54
  1052    45602   371896    8.00    9.35   24.13    8.02    9.06    117   25.96    2385   16.15    9026    3.53    3.14    0.49
  1052    45602   371896    9.06    8.56   24.14    8.01    8.99    116   26.17    2403   16.28    9102    3.57    3.26    0.39
  1053    45602   371896   10.08    7.75   24.06    7.99    8.56    111   27.11    2493   16.97    9483    3.41    3.02    0.36
  1053    45602   371896   11.01    7.10   23.61    7.91    8.35    109   30.73    2853   19.65   11020    2.52    4.54    0.08
  1053    45602   371896   12.01    6.84   23.07    7.86    7.65    101   34.65    3251   22.72   12760    1.75    5.19    0.17
  1053    45602   371896   13.06    6.03   23.07    7.86    7.59    100   34.63    3250   22.71   12756    1.82    5.66    0.10
  1054    45602   371896   14.04    4.97   23.02    7.85    7.54     99   34.98    3284   23.00   12908    1.53    5.43    0.24
  1054    45602   371896   14.98    3.91   22.80    7.83    7.41     98   36.60    3453   24.29   13662    1.37    7.00    0.07
  1054    45602   371896   16.02    2.84   22.77    7.82    7.25     96   36.73    3467   24.41   13721    1.27    7.01    0.14
  1054    45602   371896   17.11    1.64   22.78    7.82    7.22     95   36.64    3458   24.33   13684    1.45    6.28    0.27
  1055    45602   371896   17.95    0.69   22.77    7.82    7.20     95   36.70    3464   24.38   13710    1.79    6.87    0.07
 -1100    46161   370929    0.97   14.04   24.28    8.07    8.98    116   24.45    2239   15.08    8417    2.99    3.11    0.44
  1100    46161   370929    2.08   13.00   24.30    8.06    8.87    114   24.57    2250   15.15    8460    2.63    3.23    0.39
  1101    46161   370929    3.06   12.08   24.29    8.05    8.82    114   24.59    2252   15.17    8469    2.61    3.19    0.30
  1101    46161   370929    3.96   11.10   24.30    8.05    8.81    113   24.62    2254   15.18    8478    2.59    3.16    0.24
  1101    46161   370929    5.03   10.06   24.31    8.05    8.80    113   24.71    2262   15.24    8512    2.81    3.08    0.32
  1101    46161   370929    6.05    9.03   24.34    8.04    8.88    115   25.03    2290   15.45    8628    3.52    2.92    0.20
  1102    46161   370929    6.97    8.17   24.37    8.04    8.94    116   25.39    2321   15.68    8758    3.31    2.76    0.39
  1102    46161   370929    8.03    7.21   24.31    8.03    8.90    115   25.67    2350   15.89    8880    3.48    2.71    0.25
  1102    46161   370929    9.01    6.22   24.28    8.01    8.81    114   26.15    2395   16.23    9070    3.24    2.74    0.29
  1102    46161   370929   10.00    5.23   24.01    7.95    8.38    109   28.31    2607   17.81    9966    2.75    2.85    0.16
  1103    46161   370929   10.98    4.28   23.86    7.94    8.25    108   29.46    2721   18.67   10454    2.61    3.39    0.09
  1103    46161   370929   11.99    3.22   23.39    7.89    7.85    103   32.68    3048   21.14   11869    2.02    4.14    0.28
  1103    46161   370929   13.01    2.10   22.97    7.83    7.34     97   35.30    3320   23.25   13066    1.46    4.94    0.01
  1104    46161   370929   14.03    1.08   22.83    7.83    7.17     95   36.32    3425   24.07   13535    1.42    5.13    0.20
 -1107    46358   370360    1.04   14.05   24.32    8.07    8.71    112   24.47    2239   15.07    8416    2.52    3.33    0.32
  1107    46358   370360    1.83   13.36   24.32    8.07    8.79    113   24.45    2238   15.06    8410    2.45    3.07    0.38
  1107    46358   370360    3.06   12.26   24.31    8.07    8.78    113   24.53    2245   15.12    8442    2.44    3.28    0.30
  1108    46358   370360    4.00   11.48   24.31    8.07    8.77    113   24.59    2251   15.16    8464    2.40    3.34    0.27
  1108    46358   370360    5.04   10.28   24.31    8.06    8.76    113   24.66    2257   15.21    8492    2.59    3.33    0.12
  1108    46358   370360    6.05    9.24   24.30    8.04    8.63    111   25.05    2293   15.47    8641    2.72    3.44    0.14
  1108    46358   370360    6.93    8.42   24.24    8.02    8.49    110   25.78    2363   15.99    8935    2.82    3.16    0.05
  1109    46358   370360    7.98    7.36   24.20    8.00    8.36    108   26.30    2413   16.36    9142    2.84    3.43    0.50
  1109    46358   370360    9.07    6.31   24.01    7.95    8.07    105   27.88    2567   17.51    9793    2.71    3.63    0.23
  1109    46358   370360    9.99    5.40   23.93    7.94    7.92    103   28.61    2639   18.05   10103    2.79    3.73    0.21
  1110    46358   370360   11.01    4.32   23.37    7.81    6.12     80   32.05    2989   20.71   11614    2.13   24.95    0.32
  1110    46358   370360   12.00    3.05   23.22    7.86    7.12     94   33.56    3139   21.86   12270    1.93    7.83    0.12
  1111    46358   370360   12.93    2.15   23.02    7.84    7.06     93   34.77    3266   22.84   12828    1.50    7.18    0.08
  1111    46358   370360   13.99    1.08   22.85    7.81    6.86     90   35.71    3366   23.61   13271    1.55   13.87    0.01
 -1122    46567   369383    1.12    7.34   24.36    8.11    8.73    112   23.87    2183   14.66    8183    2.04    3.41    0.30
  1123    46567   369383    2.05    9.02   24.35    8.10    8.72    112   23.92    2188   14.70    8203    1.94    3.24    0.21
  1123    46567   369383    3.06    8.97   24.34    8.10    8.66    111   23.95    2190   14.72    8214    1.91    3.48    0.11
  1123    46567   369383    4.06    8.82   24.34    8.10    8.64    111   23.95    2191   14.72    8216    1.98    3.44    0.30
  1123    46567   369383    4.99    8.27   24.34    8.10    8.62    111   24.00    2196   14.75    8236    1.99    3.44    0.27
  1124    46567   369383    6.07    7.41   24.33    8.08    8.53    110   24.34    2228   14.99    8368    2.08    3.60    0.28
  1124    46567   369383    6.94    7.39   24.27    8.04    8.31    107   25.12    2301   15.53    8674    2.18    3.70    0.34
  1124    46567   369383    8.00    6.11   24.21    8.03    8.12    105   25.80    2366   16.02    8947    2.29    3.91    0.32
  1124    46567   369383    8.92    5.45   24.18    8.00    8.16    106   26.35    2418   16.39    9164    2.58    4.19    0.17
  1125    46567   369383    9.98    4.57   24.05    7.97    7.95    103   27.49    2529   17.23    9635    2.79    4.64    0.31
  1125    46567   369383   11.01    3.73   23.74    7.92    7.65    100   29.69    2749   18.88   10573    2.46    4.68    0.22
  1125    46567   369383   12.04    2.77   23.57    7.90    7.46     97   30.94    2874   19.83   11112    2.29    5.42    0.32
  1126    46567   369383   13.00    1.87   23.19    7.86    7.21     95   33.49    3135   21.82   12252    1.92    5.72    0.09
  1126    46567   369383   14.03    0.74   23.02    7.83    6.90     91   34.23    3215   22.44   12602    1.73   11.19    0.16
 -1137    46955   367427    1.04   12.88   24.07    8.12    8.83    113   23.42    2154   14.45    8066    2.05    3.48    0.01
  1137    46955   367427    2.06   11.95   24.02    8.12    8.78    112   23.43    2157   14.47    8078    1.82    3.49    0.16
  1138    46955   367427    3.01   11.18   23.98    8.11    8.72    111   23.47    2163   14.52    8102    1.79    3.77    0.08
  1138    46955   367427    4.05   10.08   23.94    8.12    8.75    112   23.51    2168   14.55    8121    1.85    3.81    0.14
  1138    46955   367427    5.06    9.16   23.97    8.09    8.59    110   23.85    2198   14.78    8249    1.90    3.86    0.28
  1138    46955   367427    5.99    8.19   23.99    8.09    8.54    109   24.10    2220   14.93    8337    1.93    4.08    0.26
  1139    46955   367427    6.97    7.12   24.02    8.07    8.44    108   24.45    2251   15.16    8468    1.93    4.28    0.16
  1139    46955   367427    8.06    5.88   24.09    8.04    8.24    106   25.45    2340   15.82    8837    1.92    4.42    0.36
  1139    46955   367427    8.98    4.82   24.09    8.02    8.09    104   26.00    2390   16.19    9049    2.04    4.39    0.08
  1139    46955   367427    9.99    3.75   24.04    7.99    7.88    102   26.76    2463   16.73    9355    2.21    5.01    0.22
  1140    46955   367427   10.95    2.70   23.98    7.97    7.69    100   27.36    2521   17.17    9603    2.11    4.85    0.17
  1140    46955   367427   11.98    1.53   23.52    7.88    7.06     92   30.63    2848   19.65   11003    2.05    5.75    0.20
  1141    46955   367427   12.95    0.47   23.27    7.84    6.82     89   32.19    3009   20.85   11699    1.93    7.17    0.28
 -1150    46899   365456    0.91   13.57   23.91    8.15    9.07    115   22.93    2116   14.17    7906    2.22    3.92    0.37
  1150    46899   365456    1.94   12.75   23.88    8.13    9.00    115   23.11    2134   14.30    7983    2.07    3.93    0.30
  1150    46899   365456    2.99   11.80   23.87    8.13    8.92    114   23.23    2145   14.39    8029    2.03    4.13    0.30
  1151    46899   365456    4.08   10.75   23.84    8.11    8.75    112   23.57    2177   14.62    8161    2.14    4.12    0.13
  1151    46899   365456    4.95    9.86   23.82    8.09    8.51    109   24.05    2223   14.96    8352    1.93    4.03    0.26
  1151    46899   365456    6.04    8.80   23.82    8.08    8.46    108   24.22    2239   15.07    8418    2.09    4.22    0.15
  1151    46899   365456    7.04    7.98   23.81    8.06    8.30    106   24.64    2278   15.36    8579    1.82    4.15    0.28
  1152    46899   365456    7.97    7.23   23.81    8.04    8.14    104   24.96    2308   15.58    8705    1.97    4.36    0.14
  1152    46899   365456    8.97    6.25   23.81    8.03    8.05    103   25.16    2326   15.71    8779    1.93    4.50    0.15
  1152    46899   365456   10.00    5.20   23.75    8.02    7.93    102   25.86    2393   16.22    9063    2.14    6.11    0.42
  1153    46899   365456   11.00    4.25   23.73    7.99    7.76    100   26.60    2463   16.73    9356    1.99    7.57    0.16
  1153    46899   365456   12.05    3.22   23.72    7.97    7.59     98   27.07    2507   17.06    9541    2.00    7.13    0.34
  1153    46899   365456   12.95    2.27   23.68    7.95    7.41     96   27.69    2567   17.51    9798    2.15    8.67    0.27
  1153    46899   365456   14.11    1.06   23.47    7.88    6.95     90   29.77    2771   19.05   10671    2.18   11.03    0.33
 -1223    44865   362025    1.04    6.93   23.76    8.13    8.90    113   22.11    2047   13.67    7623    2.29    3.97    0.33
  1224    44865   362025    2.01    6.06   23.77    8.13    8.94    113   22.15    2050   13.69    7636    2.43    4.05    0.37
  1224    44865   362025    2.98    5.08   23.77    8.11    8.81    112   22.29    2062   13.78    7688    2.06    3.91    0.30
  1224    44865   362025    4.06    3.99   23.75    8.10    8.67    110   22.38    2071   13.85    7725    2.05    4.05    0.18
  1224    44865   362025    5.03    3.01   23.81    8.10    8.59    109   22.65    2094   14.01    7818    1.98    3.89    0.23
  1225    44865   362025    5.98    2.08   23.81    8.08    8.49    108   22.83    2110   14.13    7885    2.00    3.76    0.14
  1225    44865   362025    7.14    0.93   23.79    8.08    8.41    107   22.88    2116   14.18    7911    1.98    4.24    0.26
 -1243    44256   359088    1.07   12.39   23.58    8.08    8.29    105   21.86    2030   13.55    7557    2.35    3.77    0.18
  1243    44256   359088    1.98   11.60   23.58    8.07    8.22    104   21.94    2038   13.60    7588    2.20    3.99    0.24
  1243    44256   359088    3.03   10.83   23.58    8.06    8.09    102   22.08    2051   13.70    7641    2.03    4.02    0.31
  1243    44256   359088    3.94    9.92   23.57    8.05    8.04    101   22.09    2052   13.71    7647    2.21    4.01    0.09
  1244    44256   359088    5.01    8.82   23.53    8.04    7.95    100   22.38    2081   13.92    7765    2.15    3.89    0.27
  1244    44256   359088    6.00    8.13   23.52    8.02    7.83     99   22.71    2111   14.14    7891    2.27    3.66    0.31
  1244    44256   359088    6.98    7.25   23.51    8.01    7.64     97   23.06    2145   14.38    8029    2.14    3.91    0.20
  1244    44256   359088    8.03    6.09   23.49    7.97    7.29     93   23.83    2218   14.92    8331    2.13    4.25    0.34
  1245    44256   359088    8.96    5.21   23.48    7.94    7.10     90   24.31    2262   15.25    8517    1.88    3.95    0.11
  1245    44256   359088   10.05    4.24   23.45    7.91    6.84     87   25.00    2328   15.73    8791    1.85    5.06    0.27
  1245    44256   359088   11.04    3.22   23.39    7.88    6.61     84   26.26    2449   16.63    9298    1.82    3.70    0.13
  1246    44256   359088   12.09    2.10   23.26    7.84    6.27     80   27.35    2557   17.44    9756    1.61    5.91    0.14
  1246    44256   359088   12.99    0.90   23.08    7.77    5.72     74   28.83    2705   18.55   10389    1.48    6.48    0.19
 -1317    42636   352113    1.23   11.54   23.23    7.95    7.39     92   20.28    1897   12.57    7014    4.13    4.28    0.49
  1317    42636   352113    2.08   11.37   23.24    7.97    7.38     92   20.28    1897   12.58    7013    4.33    4.24    0.38
  1318    42636   352113    2.95   10.49   23.23    7.97    7.35     92   20.25    1894   12.56    7000    4.34    4.15    0.54
  1318    42636   352113    4.10    9.40   23.16    7.99    7.39     92   20.51    1921   12.76    7112    4.01    4.36    0.49
  1318    42636   352113    5.05    8.26   23.03    7.97    7.24     90   20.94    1966   13.09    7298    3.66    4.31    0.09
  1318    42636   352113    6.08    7.21   22.92    7.93    6.71     83   21.35    2009   13.40    7475    3.19    4.34    0.24
  1319    42636   352113    7.04    6.28   22.78    7.87    6.06     75   21.84    2061   13.78    7688    2.51    4.25    0.20
  1319    42636   352113    8.09    5.27   22.73    7.85    5.92     74   22.20    2098   14.04    7839    2.52    4.30    0.15
  1320    42636   352113    8.95    4.39   22.41    7.76    4.97     62   22.76    2164   14.53    8115    1.70    4.00    0.04
  1320    42636   352113   10.03    3.41   22.10    7.68    4.19     52   23.39    2238   15.08    8424    1.38    4.01    0.02
  1320    42636   352113   11.01    2.36   21.73    7.61    3.43     42   23.95    2310   15.61    8724    1.15    3.54    0.20
  1321    42636   352113   11.97    1.38   21.40    7.51    2.66     33   25.60    2486   16.92    9467    0.91    3.45    0.13
 -1337    40662   348850    1.01   12.44   23.08    7.99    7.54     93   18.48    1734   11.41    6354    6.19    3.86    0.73
  1337    40662   348850    2.02   11.48   23.03    7.96    7.17     88   18.67    1754   11.55    6435    5.84    3.97    0.60
  1338    40662   348850    3.00   10.57   23.01    7.96    7.09     87   18.86    1772   11.68    6507    5.77    4.03    0.74
  1338    40662   348850    3.95    9.60   22.97    7.94    6.87     85   19.06    1792   11.83    6590    5.75    3.94    0.68
  1338    40662   348850    5.06    8.55   22.75    7.85    5.79     71   20.03    1892   12.55    6997    3.77    4.09    0.34
  1339    40662   348850    6.01    7.68   22.39    7.77    5.07     62   20.78    1977   13.16    7343    2.92    4.20    0.09
  1339    40662   348850    7.07    6.60   22.09    7.69    4.05     50   21.32    2041   13.64    7609    2.46    3.91    0.26
  1340    40662   348850    8.04    5.73   21.75    7.62    3.40     42   22.05    2126   14.25    7958    1.96    4.26    0.27
  1340    40662   348850    9.02    4.75   21.60    7.59    3.13     38   22.20    2147   14.41    8047    1.75    4.10    0.08
  1340    40662   348850   10.05    3.76   21.37    7.55    2.65     32   22.97    2232   15.04    8402    1.37    3.85    0.10
  1341    40662   348850   10.95    2.78   21.32    7.53    2.45     30   23.85    2320   15.69    8771    1.19    3.51    0.16
  1341    40662   348850   11.96    1.83   21.36    7.52    2.36     29   24.77    2407   16.32    9133    0.94    4.03    0.06
  1341    40662   348850   13.00    0.86   21.51    7.53    2.47     30   25.36    2457   16.70    9344    0.99    4.58    0.08
 -1354    39083   346347    1.02   11.76   23.40    7.95    7.76     95   14.71    1371    8.84    4913    7.76    2.89    1.62
  1354    39083   346347    2.02   10.65   22.97    7.89    5.97     73   17.18    1615   10.56    5881    4.39    2.85    0.65
  1355    39083   346347    3.04    9.67   22.51    7.79    4.86     59   18.00    1708   11.24    6254    3.52    2.79    0.44
  1355    39083   346347    3.98    8.75   22.30    7.70    3.83     47   18.69    1781   11.76    6548    2.88    2.97    0.27
  1356    39083   346347    4.96    7.76   22.13    7.69    3.76     46   18.85    1804   11.91    6641    2.72    2.65    0.33
  1356    39083   346347    6.02    6.63   21.77    7.66    3.16     38   19.26    1856   12.30    6856    2.15    2.44    0.31
  1356    39083   346347    6.98    5.70   21.36    7.56    2.39     29   19.92    1936   12.87    7181    1.80    2.45    0.08
  1356    39083   346347    8.05    4.67   21.24    7.52    2.03     24   20.77    2023   13.51    7539    1.74    2.77    0.26
  1357    39083   346347    9.01    3.68   20.85    7.46    1.51     18   21.86    2147   14.42    8052    1.22    3.03    0.26
  1357    39083   346347    9.97    2.74   20.73    7.45    1.33     16   22.12    2178   14.64    8181    1.19    3.02    0.08
  1357    39083   346347   11.08    1.64   20.59    7.42    1.11     13   22.70    2241   15.11    8444    1.04    3.24    0.06
  1358    39083   346347   11.95    0.75   20.38    7.39    0.80     10   23.59    2340   15.84    8857    1.05    6.92   -0.02
