# VERTIKAAL 2 Milieucontainer
* 19-08-2026 07:56:41
#X: 68849 - Y: 411247   |   GTS-19: 9 m
#00 DONARLOCATIE: GTS-19
#08 WAARNEMER(S): Damen
@ par1.dat

~     X       Y    DATUM   TIJD SENSHTE   Echms       T     pH   O2     %O2   GELBH  GELDHD  SALNTT     CL- CHLFRFU  TROEBHFNU  PHYCOUGL
  68849  411247 20260819 75700    1.01      --   21.85   7.87 6.38      88   44.65    4296   30.97   17508    1.41       1.12      0.12
  68849  411247 20260819 75728    2.01      --   21.90   7.86 6.31      87   45.20    4344   31.36   17733    1.42       1.05      0.10
  68849  411247 20260819 75756    2.96      --   21.88   7.87 6.28      87   44.97    4324   31.20   17639    1.33       1.03      0.09
  68849  411247 20260819 75821    4.07      --   21.88   7.87 6.27      87   45.28    4353   31.43   17774    1.32       0.98      0.05
  68849  411247 20260819 75850    4.96      --   21.92   7.86 6.28      87   45.43    4365   31.53   17828    1.34       0.92      0.12
  68849  411247 20260819 75921    6.01      --   21.99   7.84 5.95      83   45.72    4386   31.70   17928    0.91       0.88      0.08
  68849  411247 20260819 75949    6.97      --   22.00   7.84 5.82      81   45.79    4391   31.74   17953    0.99       0.98      0.06
  68849  411247 20260819 80025    7.99      --   21.99   7.83 5.65      78   45.90    4403   31.83   18007    0.96       0.97      0.06
  68849  411247 20260819 80057    9.03      --   21.98   7.82 5.28      73   45.95    4409   31.89   18036    1.05       1.05      0.10
