# VERTIKAAL 7 Milieucontainer
* 06-07-2026 11:19:47
#X: 36676 - Y: 396004
#00 DONARLOCATIE: VTS-07
#08 WAARNEMER(S): bernaards
@ par1.dat

~     X       Y    DATUM   TIJD SENSHTE   Echms       T     pH   O2     %O2   GELBH  GELDHD  SALNTT     CL- CHLFRFU  TROEBHFNU  PHYCOUGL
  36676  396003 20260706 111959    1.13    7.86   22.91   7.92 5.78      80   45.63    4295   30.96   17498    2.07       1.29      0.03
  36676  396003 20260706 112028    1.96    7.46   22.89   7.93 5.90      82   45.60    4295   30.96   17498    2.03       1.24      0.35
  36676  396003 20260706 112046    3.12    6.40   22.86   7.93 5.89      81   45.56    4294   30.96   17495    2.03       1.24      0.24
  36676  396003 20260706 112109    3.99    5.55   22.83   7.92 5.86      81   45.54    4294   30.96   17495    1.88       1.29      0.24
  36676  396003 20260706 112142    4.94    4.62   22.71   7.89 5.32      73   45.45    4296   30.98   17506    1.18       1.28      0.01
  36676  396003 20260706 112226    5.95    2.59   22.69   7.87 4.88      67   45.49    4301   31.02   17530    1.00       1.21      0.07
  36676  396003 20260706 112308    7.03    1.60   22.04   7.68 2.57      35   45.11    4323   31.19   17635    0.46       1.29      0.03
  36676  396003 20260706 112344    7.95    0.29   21.13   7.53 0.92      12   44.41    4336   31.30   17700    0.27       1.81     -0.21
