# VERTIKAAL 6 Milieucontainer
* 06-07-2026 11:11:40
#X: 36076 - Y: 396982
#00 DONARLOCATIE: VTS-06
#08 WAARNEMER(S): bernaards
@ par1.dat

~     X       Y    DATUM   TIJD SENSHTE   Echms       T     pH   O2     %O2   GELBH  GELDHD  SALNTT     CL- CHLFRFU  TROEBHFNU  PHYCOUGL
  36076  396982 20260706 111159    0.97    7.33   22.70   7.86 5.10      70   45.34    4286   30.89   17458    1.83       1.47      0.07
  36076  396982 20260706 111218    2.06    5.78   22.60   7.85 5.11      70   45.22    4285   30.88   17452    1.72       1.36      0.19
  36076  396982 20260706 111236    3.07    4.24   22.46   7.83 5.05      69   45.08    4283   30.87   17446    1.10       1.29      0.07
  36076  396982 20260706 111300    4.04    3.47   22.38   7.81 4.97      68   45.00    4282   30.86   17441    0.99       1.31     -0.10
  36076  396982 20260706 111325    5.02    2.56   22.31   7.79 4.58      63   44.94    4283   30.87   17445    0.71       1.30     -0.04
  36076  396982 20260706 111401    5.96    1.47   22.31   7.78 4.26      58   44.95    4284   30.88   17451    0.81       1.32      0.07
