# VERTIKAAL 4 Milieucontainer
* 06-07-2026 10:57:20
#X: 34909 - Y: 398112
#00 DONARLOCATIE: VTS-04
#08 WAARNEMER(S): bernaards
@ par1.dat

~     X       Y    DATUM   TIJD SENSHTE   Echms       T     pH   O2     %O2   GELBH  GELDHD  SALNTT     CL- CHLFRFU  TROEBHFNU  PHYCOUGL
  34909  398112 20260706 105738    0.98    4.51   22.48   7.78 4.26      58   45.09    4282   30.86   17442    1.15       1.46      0.06
  34909  398112 20260706 105803    2.02    3.68   22.43   7.79 4.35      60   45.05    4282   30.86   17441    1.13       1.57      0.04
  34909  398112 20260706 105818    3.06    2.40   22.33   7.80 4.45      61   44.90    4277   30.82   17418    1.27       1.90      0.17
  34909  398112 20260706 105846    4.00    1.38   22.10   7.73 3.69      50   44.69    4277   30.82   17419    0.80       2.51     -0.05
  34909  398112 20260706 105916    4.85    0.43   21.98   7.68 2.81      38   44.67    4286   30.89   17460    0.72       2.42     -0.05
