# VERTIKAAL 9 Milieucontainer
* 06-07-2026 11:46:10
#X: 38258 - Y: 393991
#00 DONARLOCATIE: VTS-09
#08 WAARNEMER(S): bernaards
@ par1.dat

~     X       Y    DATUM   TIJD SENSHTE   Echms       T     pH   O2     %O2   GELBH  GELDHD  SALNTT     CL- CHLFRFU  TROEBHFNU  PHYCOUGL
  38258  393991 20260706 114620    1.03    7.32   22.96   7.93 5.88      81   45.74    4302   31.02   17530    1.19       0.76      0.18
  38258  393991 20260706 114634    2.06    6.14   22.94   7.93 5.83      81   45.74    4304   31.03   17539    1.02       0.78     -0.03
  38258  393991 20260706 114648    3.05    5.01   22.93   7.93 5.81      80   45.75    4305   31.04   17544    1.02       0.68      0.15
  38258  393991 20260706 114702    4.03    3.88   22.92   7.93 5.80      80   45.75    4306   31.05   17548    1.02       0.72      0.02
  38258  393991 20260706 114716    5.09    2.74   22.90   7.92 5.72      79   45.76    4309   31.08   17565    1.01       0.89      0.23
  38258  393991 20260706 114750    6.05    1.51   22.71   7.86 4.47      62   45.86    4334   31.28   17682    0.49       0.60     -0.04
  38258  393991 20260706 114830    7.01    0.29   22.23   7.77 3.28      45   45.65    4358   31.47   17796    0.37       0.57     -0.02
