# VERTIKAAL 5 Milieucontainer
* 06-07-2026 11:03:09
#X: 35427 - Y: 397482
#00 DONARLOCATIE: VTS-05
#08 WAARNEMER(S): bernaards
@ par1.dat

~     X       Y    DATUM   TIJD SENSHTE   Echms       T     pH   O2     %O2   GELBH  GELDHD  SALNTT     CL- CHLFRFU  TROEBHFNU  PHYCOUGL
  35427  397482 20260706 110319    1.03    8.75   22.67   7.85 5.14      71   45.31    4286   30.89   17460    1.63       1.45      0.16
  35427  397482 20260706 110334    2.02    8.69   22.62   7.85 5.07      70   45.25    4285   30.88   17454    1.63       1.37      0.16
  35427  397482 20260706 110347    3.08    9.21   22.54   7.83 4.97      68   45.16    4284   30.88   17449    1.41       1.38      0.14
  35427  397482 20260706 110420    4.01    7.81   22.34   7.78 4.35      60   45.00    4286   30.89   17458    0.97       1.40      0.05
  35427  397482 20260706 110439    5.00    6.96   22.31   7.76 4.01      55   45.03    4291   30.93   17484    0.78       1.62      0.05
  35427  397482 20260706 110510    6.10    5.35   21.93   7.67 2.75      37   44.78    4301   31.01   17532    0.64       1.99      0.08
  35427  397482 20260706 110533    7.11    4.65   21.59   7.61 1.99      27   44.52    4306   31.05   17556    0.62       2.36      0.03
  35427  397482 20260706 110631    7.99    2.50   20.80   7.43 0.44       6   43.81    4308   31.07   17569    0.24       3.85     -0.12
  35427  397482 20260706 110645    8.95    1.18   19.87   7.44 0.30       4   43.02    4314   31.12   17602    0.31       0.86      0.02
