# VERTIKAAL 11 Milieucontainer
* 06-07-2026 12:24:51
#X: 41778 - Y: 397193
#00 DONARLOCATIE: VTS-11
#08 WAARNEMER(S): bernaards
@ par1.dat

~     X       Y    DATUM   TIJD SENSHTE   Echms       T     pH   O2     %O2   GELBH  GELDHD  SALNTT     CL- CHLFRFU  TROEBHFNU  PHYCOUGL
  41778  397193 20260706 122501    1.07    7.96   23.26   8.03 7.14     100   46.37    4334   31.28   17680    2.40       0.91      0.34
  41778  397193 20260706 122514    2.15    6.92   23.25   8.03 7.14     100   46.36    4334   31.28   17679    2.16       0.93      0.20
  41778  397193 20260706 122527    2.94    6.06   23.25   8.03 7.12      99   46.36    4334   31.28   17679    2.13       0.78      0.17
  41778  397193 20260706 122542    3.99    5.07   23.22   8.03 7.06      98   46.36    4337   31.30   17691    2.19       0.74      0.24
  41778  397193 20260706 122556    5.02    4.07   23.20   8.02 6.94      97   46.35    4338   31.31   17696    1.91       0.88      0.28
  41778  397193 20260706 122614    6.11    2.93   23.15   8.01 6.76      94   46.36    4343   31.35   17721    1.64       0.61      0.09
  41778  397193 20260706 122636    6.99    2.03   23.07   7.99 6.30      88   46.42    4356   31.46   17783    1.08       0.82      0.04
  41778  397193 20260706 122704    8.03    1.02   22.97   7.96 5.83      81   46.69    4391   31.74   17945    0.58       1.21     -0.08
