# VERTIKAAL 12 Milieucontainer
* 06-07-2026 12:31:48
#X: 42711 - Y: 397333
#00 DONARLOCATIE: VTS-12
#08 WAARNEMER(S): bernaards
@ par1.dat

~     X       Y    DATUM   TIJD SENSHTE   Echms       T     pH   O2     %O2   GELBH  GELDHD  SALNTT     CL- CHLFRFU  TROEBHFNU  PHYCOUGL
  42713  397333 20260706 123203    1.06   13.53   23.23   8.01 6.89      96   46.35    4335   31.29   17684    1.84       0.68      0.22
  42713  397333 20260706 123217    2.03   12.52   23.23   8.02 6.90      96   46.35    4336   31.29   17686    1.91       0.83      0.26
  42713  397333 20260706 123230    3.10   11.36   23.23   8.02 6.90      96   46.35    4336   31.29   17686    1.69       0.84      0.03
  42713  397333 20260706 123243    4.07    7.78   23.24   8.02 6.91      96   46.37    4336   31.30   17689    1.57       0.80      0.07
  42713  397333 20260706 123257    5.06    3.35   23.24   8.01 6.88      96   46.37    4336   31.30   17689    1.67       0.73      0.29
  42713  397333 20260706 123312    6.03    2.23   23.18   8.01 6.82      95   46.34    4338   31.31   17698    1.61       0.83      0.31
  42713  397333 20260706 123334    6.99    1.27   23.13   7.99 6.56      91   46.35    4344   31.36   17725    1.25       0.72      0.12
