# VERTIKAAL 15 Milieucontainer
* 06-07-2026 12:57:21
#X: 46101 - Y: 396826
#00 DONARLOCATIE: VTS-15
#08 WAARNEMER(S): bernaards
@ par1.dat

~     X       Y    DATUM   TIJD SENSHTE   Echms       T     pH   O2     %O2   GELBH  GELDHD  SALNTT     CL- CHLFRFU  TROEBHFNU  PHYCOUGL
  46103  396827 20260706 125808    1.10    4.68   23.18   8.06 7.52     105   46.78    4380   31.65   17894    1.64       0.71      0.00
  46103  396827 20260706 125821    2.15    3.45   23.13   8.05 7.49     104   46.76    4383   31.67   17907    1.73       0.86      0.06
  46103  396827 20260706 125834    3.07    2.68   23.08   8.05 7.45     104   46.76    4387   31.70   17926    1.52       0.66      0.05
  46103  396827 20260706 125854    4.05    1.70   22.94   8.04 7.31     102   46.82    4404   31.85   18009    1.34       0.88      0.16
  46103  396827 20260706 125911    5.03    0.72   22.85   8.02 7.18     100   46.90    4420   31.97   18083    0.91       1.00      0.02
