# VERTIKAAL 14 Milieucontainer
* 06-07-2026 12:49:36
#X: 45275 - Y: 396395
#00 DONARLOCATIE: VTS-14
#08 WAARNEMER(S): bernaards
@ par1.dat

~     X       Y    DATUM   TIJD SENSHTE   Echms       T     pH   O2     %O2   GELBH  GELDHD  SALNTT     CL- CHLFRFU  TROEBHFNU  PHYCOUGL
  45275  396395 20260706 124946    0.94    9.23   23.28   8.05 7.39     103   46.67    4361   31.49   17803    1.19       0.67      0.26
  45275  396395 20260706 125001    1.99    8.75   23.25   8.05 7.38     103   46.65    4362   31.50   17808    1.24       0.62      0.14
  45275  396395 20260706 125016    2.88    8.46   23.17   8.04 7.29     102   46.60    4364   31.52   17819    1.30       0.78      0.17
  45275  396395 20260706 125039    4.05    6.60   23.09   8.03 7.11      99   46.62    4374   31.60   17864    1.06       0.67      0.04
  45275  396395 20260706 125100    4.98    5.38   23.03   8.02 6.90      96   46.66    4382   31.66   17903    0.93       0.70      0.17
  45275  396395 20260706 125119    6.12    3.65   22.96   8.01 6.77      94   46.70    4392   31.75   17952    0.64       0.77      0.09
  45275  396395 20260706 125139    7.05    2.65   22.86   7.99 6.41      89   46.76    4407   31.87   18021    0.78       0.86     -0.03
  45275  396395 20260706 125153    8.14    1.74   22.84   7.98 6.30      88   46.77    4410   31.89   18034    0.51       0.96     -0.01
  45275  396395 20260706 125208    9.15    0.92   22.84   7.98 6.23      87   46.79    4411   31.90   18040    0.85       1.19      0.04
