# VERTIKAAL 7 Milieucontainer
* 17-08-2026 09:42:11
#X: 36696 - Y: 395960
#00 DONARLOCATIE: VTS-07
#08 WAARNEMER(S): hs
@ par1.dat

~     X       Y    DATUM   TIJD SENSHTE   Echms       T     pH   O2     %O2   GELBH  GELDHD  SALNTT     CL- CHLFRFU  TROEBHFNU  PHYCOUGL
  36696  395960 20260817 94230    0.99      --   23.39   7.92 7.48     106   47.56    4434   32.08   18144    3.61       0.98      0.47
  36696  395960 20260817 94255    2.03      --   23.38   7.91 7.46     105   47.55    4434   32.09   18146    3.78       0.90      0.34
  36696  395960 20260817 94320    3.05      --   23.36   7.92 7.48     105   47.52    4433   32.08   18141    3.25       0.94      0.28
  36696  395960 20260817 94344    3.96      --   23.36   7.92 7.47     105   47.52    4433   32.08   18141    3.12       0.92      0.27
  36696  395960 20260817 94427    4.97      --   23.47   7.87 6.70      95   47.86    4455   32.25   18243    1.14       0.62      0.01
  36696  395960 20260817 94516    6.01      --   22.75   7.76 5.10      71   47.19    4457   32.27   18256    0.61       0.61     -0.01
  36696  395960 20260817 94548    7.03      --   22.55   7.73 4.76      66   46.98    4455   32.26   18249    0.48       0.72      0.04
  36696  395960 20260817 94617    7.99      --   22.39   7.72 4.45      62   46.83    4456   32.26   18253    0.43       0.85      0.03
