# VERTIKAAL 11 Milieucontainer
* 17-08-2026 11:17:15
#X: 41712 - Y: 397171
#00 DONARLOCATIE: VTS-11
#08 WAARNEMER(S): hs
@ par1.dat

~     X       Y    DATUM   TIJD SENSHTE   Echms       T     pH   O2     %O2   GELBH  GELDHD  SALNTT     CL- CHLFRFU  TROEBHFNU  PHYCOUGL
  41713  397171 20260817 111744    0.97      --   23.08   8.00 8.01     112   47.53    4459   32.29   18266    1.79       0.60      0.10
  41713  397171 20260817 111854    2.05      --   23.04   8.00 8.07     113   47.51    4461   32.30   18273    1.99       0.71      0.20
  41713  397171 20260817 111921    3.04      --   23.02   7.98 7.90     111   47.54    4466   32.34   18296    2.44       0.82      0.30
  41713  397171 20260817 112000    4.04      --   22.99   7.90 7.05      99   47.70    4483   32.48   18376    1.66       0.57      0.15
  41713  397171 20260817 112027    4.98      --   22.94   7.88 6.68      94   47.74    4492   32.56   18421    1.24       0.65      0.04
  41713  397171 20260817 112051    6.03      --   22.93   7.88 6.58      92   47.76    4495   32.58   18432    1.31       0.57      0.05
  41713  397171 20260817 112116    6.95      --   22.96   7.89 6.67      93   47.83    4499   32.61   18452    1.60       0.63      0.06
  41713  397171 20260817 112151    7.98      --   22.87   7.86 6.15      86   47.80    4504   32.65   18477    1.02       0.88      0.06
