# VERTIKAAL 17 Milieucontainer
* 17-08-2026 12:29:14
#X: 48840 - Y: 395936
#00 DONARLOCATIE: VTS-17
#08 WAARNEMER(S): hs
@ par1.dat

~     X       Y    DATUM   TIJD SENSHTE   Echms       T     pH   O2     %O2   GELBH  GELDHD  SALNTT     CL- CHLFRFU  TROEBHFNU  PHYCOUGL
  48840  395936 20260817 123054    1.01      --   22.91   7.97 6.97      98   48.37    4554   33.06   18713    0.71       0.99      0.07
  48840  395936 20260817 123118    1.99      --   22.76   7.96 6.90      97   48.22    4554   33.06   18715    1.07       1.09      0.09
  48840  395936 20260817 123141    2.99      --   22.73   7.96 6.87      96   48.20    4554   33.06   18713    1.06       1.13      0.07
  48840  395936 20260817 123205    3.99      --   22.64   7.96 6.91      97   48.10    4553   33.05   18708    0.81       1.27      0.07
  48840  395936 20260817 123236    5.00      --   22.68   7.96 6.93      97   48.13    4553   33.05   18708    1.02       1.26      0.08
  48840  395936 20260817 123300    6.06      --   22.74   7.96 6.94      97   48.20    4553   33.05   18708    0.96       1.28      0.05
  48840  395936 20260817 123323    7.03      --   22.63   7.96 6.88      96   48.08    4553   33.05   18707    0.76       1.36      0.03
  48840  395936 20260817 123351    8.00      --   22.61   7.96 6.84      96   48.07    4553   33.05   18709    0.75       1.41      0.07
  48840  395936 20260817 123415    9.06      --   22.60   7.95 6.80      95   48.06    4553   33.05   18707    0.70       1.35      0.06
