# VERTIKAAL 7 Milieucontainer
* 23-07-2026 08:27:49
#X: 61415 - Y: 412886
#00 DONARLOCATIE: GTS-14
#08 WAARNEMER(S): bernaards
@ par1.dat

~     X       Y    DATUM   TIJD SENSHTE   Echms       T     pH   O2     %O2   GELBH  GELDHD  SALNTT     CL- CHLFRFU  TROEBHFNU  PHYCOUGL
  61415  412886 20260723 82910    0.99      --   20.77   7.96 6.77      91   45.11    4438   32.12   18179    0.84       0.56     -0.17
  61415  412886 20260723 82927    2.00      --   20.78   7.96 6.77      90   45.11    4438   32.12   18179    0.83       0.50      0.01
  61415  412886 20260723 82941    3.02      --   20.78   7.96 6.76      90   45.12    4438   32.12   18179    0.82       0.57      0.04
  61415  412886 20260723 82959    4.04      --   20.79   7.96 6.76      90   45.12    4438   32.12   18178    1.06       0.41      0.12
  61415  412886 20260723 83015    4.99      --   20.78   7.96 6.76      90   45.12    4439   32.13   18182    0.84       0.38      0.02
  61415  412886 20260723 83032    6.03      --   20.78   7.96 6.75      90   45.12    4439   32.13   18183    0.84       0.53      0.03
  61415  412886 20260723 83047    6.96      --   20.77   7.96 6.76      90   45.12    4439   32.13   18185    1.07       0.50      0.12
  61415  412886 20260723 83109    7.92      --   20.74   7.96 6.80      91   45.11    4441   32.15   18194    0.77       0.51      0.02
