# VERTIKAAL 9 Milieucontainer
* 24-07-2026 09:54:28
#X: 50760 - Y: 419782
#00 DONARLOCATIE: GTS-21
#08 WAARNEMER(S): bernaards
@ par1.dat

~     X       Y    DATUM   TIJD SENSHTE   Echms       T     pH   O2     %O2   GELBH  GELDHD  SALNTT     CL- CHLFRFU  TROEBHFNU  PHYCOUGL
  50760  419782 20260724 95438    0.96      --   20.98   7.95 7.45     100   45.25    4433   32.08   18153    1.30       0.40      0.10
  50760  419782 20260724 95513    1.97      --   20.98   7.95 7.32      98   45.25    4433   32.08   18153    1.12       0.33      0.01
  50760  419782 20260724 95527    3.02      --   20.97   7.95 7.32      98   45.24    4433   32.08   18153    0.97       0.35     -0.08
  50760  419782 20260724 95541    4.06      --   20.97   7.95 7.35      99   45.24    4433   32.08   18153    0.90       0.30      0.00
  50760  419782 20260724 95554    5.08      --   20.97   7.95 7.34      99   45.24    4433   32.08   18153    1.38       0.41      0.08
  50760  419782 20260724 95644    5.99      --   20.97   7.95 7.30      98   45.24    4433   32.08   18153    0.86       0.37      0.11
  50760  419782 20260724 95706    7.06      --   20.94   7.92 7.13      96   45.22    4434   32.09   18157    0.50       0.27     -0.12
  50760  419782 20260724 95728    8.00      --   20.87   7.89 6.51      87   45.16    4434   32.09   18161    0.52       0.32      0.05
