# VERTIKAAL 3 Milieucontainer
* 24-07-2026 08:26:14
#X: 60134 - Y: 419588
#00 DONARLOCATIE: GTS-27
#08 WAARNEMER(S): bernaards
@ par1.dat

~     X       Y    DATUM   TIJD SENSHTE   Echms       T     pH   O2     %O2   GELBH  GELDHD  SALNTT     CL- CHLFRFU  TROEBHFNU  PHYCOUGL
  60133  419591 20260724 82645    1.08      --   20.65   7.94 7.35      98   45.01    4440   32.14   18189    0.70       0.37      0.05
  60133  419591 20260724 82701    2.06      --   20.65   7.94 7.32      98   45.01    4440   32.14   18189    0.78       0.29      0.01
  60133  419591 20260724 82715    3.01      --   20.64   7.94 7.32      98   45.01    4440   32.14   18190    0.71       0.24      0.04
  60133  419591 20260724 82729    4.03      --   20.61   7.94 7.36      98   44.99    4442   32.15   18198    0.70       0.35      0.04
  60133  419591 20260724 82743    5.05      --   20.54   7.94 7.34      98   44.96    4445   32.18   18215    0.73       0.29      0.05
  60133  419591 20260724 82757    6.03      --   20.48   7.94 7.23      96   44.93    4447   32.20   18225    0.56       0.27      0.00
  60133  419591 20260724 82820    7.02      --   20.30   7.93 6.82      91   44.78    4450   32.22   18238    0.42       0.29      0.02
  60133  419591 20260724 82841    7.98      --   20.32   7.95 6.91      92   44.96    4466   32.35   18314    0.64       0.44      0.09
  60133  419591 20260724 82857    9.02      --   20.27   7.97 7.01      93   45.13    4488   32.53   18417    0.74       0.40     -0.00
