# VERTIKAAL 6 Milieucontainer
* 20-07-2026 10:36:38
#X: 75736 - Y: 406397
#00 DONARLOCATIE: STEENBGN
#08 WAARNEMER(S): bernaards
@ par6.dat

~     X       Y    DATUM   TIJD SENSHTE   Echms       T     pH   O2     %O2   GELBH  GELDHD  SALNTT     CL- CHLFRFU  TROEBHFNU  PHYCOUGL
  75736  406397 20260720 103648    1.02    8.73   22.81   8.85 9.99     115    1.54     146    0.81     354    0.63      10.63      2.84
  75736  406397 20260720 103740    2.04    7.64   22.83   8.85 10.0     116    1.55     146    0.81     355    0.55      11.50      3.50
  75736  406397 20260720 103815    3.08    6.75   22.83   8.85 10.0     116    1.55     146    0.81     355    0.64       8.49      2.12
  75736  406397 20260720 103849    4.03    5.75   22.80   8.83 9.86     114    1.54     145    0.81     354    0.54       7.39      1.27
  75736  406397 20260720 103910    5.03    4.75   22.78   8.82 9.82     113    1.54     145    0.81     353    0.49       7.89      0.69
  75736  406397 20260720 103930    6.04    3.74   22.74   8.82 9.73     112    1.53     145    0.81     352    0.49       4.91      0.98
  75736  406397 20260720 104002    6.96    2.89   22.68   8.80 9.62     111    1.53     144    0.81     350    0.46       5.12      0.56
  75736  406397 20260720 104022    8.08    1.72   22.38   8.77 9.19     105    1.52     145    0.81     351    0.47       4.64      0.26
  75736  406397 20260720 104041    9.06    0.75   22.37   8.78 9.08     104    1.52     145    0.81     352    0.52       5.66      0.31
