# VERTIKAAL 11 Milieucontainer
* 20-07-2026 13:33:40
#X: 72051 - Y: 401842
#00 DONARLOCATIE: ZTS-27
#08 WAARNEMER(S): bernaards
@ par9.dat

~     X       Y    DATUM   TIJD SENSHTE   Echms       T     pH   O2     %O2   GELBH  GELDHD  SALNTT     CL- CHLFRFU  TROEBHFNU  PHYCOUGL
  72051  401842 20260720 134220    1.04    7.18   22.90   8.90 10.3     120    1.46     138    0.77     327    1.37      12.73      3.63
  72051  401842 20260720 134242    2.13    6.33   22.85   8.90 10.3     119    1.46     138    0.77     327    1.25      11.91      3.13
  72051  401842 20260720 134307    3.02    5.53   22.84   8.91 10.2     119    1.46     138    0.77     327    1.31      13.52      2.54
  72051  401842 20260720 134326    3.98    4.48   22.85   8.92 10.3     120    1.46     138    0.77     327    1.35      11.74      2.73
  72051  401842 20260720 134346    5.01    3.39   22.85   8.92 10.5     121    1.46     138    0.77     327    1.32      13.83      3.09
  72051  401842 20260720 134400    6.02    2.63   22.85   8.92 10.5     121    1.46     138    0.77     327    1.24      10.65      3.27
  72051  401842 20260720 134417    7.10    1.57   22.85   8.92 10.4     121    1.46     138    0.77     327    1.33      11.89      2.51
  72051  401842 20260720 134436    7.99    0.54   22.83   8.91 10.3     120    1.46     138    0.77     327    1.39      12.41      3.07
