# VERTIKAAL 18 Milieucontainer
* 20-07-2026 16:29:08
#X: 74489 - Y: 385581
#00 DONARLOCATIE: ZTS-37
#08 WAARNEMER(S): bernaards
@ par17.dat

~     X       Y    DATUM   TIJD SENSHTE   Echms       T     pH   GELBH  GELDHD  SALNTT     CL- CHLFRFU  TROEBHFNU  PHYCOUGL
  74489  385581 20260720 162917    0.98    5.84   22.30   8.68    1.60     152    0.85     377    0.99      13.45      1.35
  74489  385581 20260720 162923    2.07    4.59   22.30   8.68    1.60     152    0.85     377    1.04      13.28      1.93
  74489  385581 20260720 162928    2.97    3.73   22.30   8.68    1.60     152    0.85     377    1.10      12.50      1.67
  74489  385581 20260720 162934    4.06    2.48   22.28   8.69    1.60     152    0.85     377    1.00      17.06      1.58
  74489  385581 20260720 162940    5.01    1.59   22.28   8.68    1.60     152    0.85     377    1.06      13.79      1.97
  74489  385581 20260720 162946    5.92    0.82   22.26   8.69    1.60     152    0.85     377    1.01      13.13      1.64
