# VERTIKAAL 12 Milieucontainer
* 20-07-2026 14:23:37
#X: 73889 - Y: 392148
#00 DONARLOCATIE: ZTS-30
#08 WAARNEMER(S): bernaards
@ par9.dat

~     X       Y    DATUM   TIJD SENSHTE   Echms       T     pH   O2     %O2   GELBH  GELDHD  SALNTT     CL- CHLFRFU  TROEBHFNU  PHYCOUGL
  73889  392148 20260720 142347    0.91    6.60   22.84   8.83 10.7     124    1.61     152    0.85     376    1.76      12.09      2.70
  73889  392148 20260720 142406    1.95    5.41   22.83   8.84 10.8     126    1.61     152    0.85     375    1.77      11.31      2.26
  73889  392148 20260720 142429    2.95    4.65   22.83   8.84 10.9     126    1.61     152    0.85     375    1.80      10.84      1.79
  73889  392148 20260720 142454    3.97    3.55   22.84   8.84 10.9     127    1.61     152    0.85     376    1.64      10.58      2.81
  73889  392148 20260720 142514    5.05    2.45   22.84   8.84 10.9     126    1.61     152    0.85     375    1.81      10.38      2.49
  73889  392148 20260720 142534    5.92    1.57   22.83   8.81 10.7     124    1.61     152    0.85     376    1.92      10.09      2.06
  73889  392148 20260720 142557    6.95    0.51   22.84   8.81 10.6     123    1.61     152    0.85     376    1.86      13.94      1.55
