# VERTIKAAL 6 Milieucontainer
* 24-06-2026 09:03:10
#X: 75755 - Y: 406423
#00 DONARLOCATIE: STEENBGN
#08 WAARNEMER(S): bernaards
@ par6.dat

~     X       Y    DATUM   TIJD SENSHTE   Echms       T     pH   O2     %O2   GELBH  GELDHD  SALNTT     CL- CHLFRFU  TROEBHFNU  PHYCOUGL
  75755  406423 20260624 90320    1.04    9.62   22.94   8.69 12.0     140    1.18     111    0.61     240    1.57       1.13      0.21
  75755  406423 20260624 90407    1.92    8.80   22.92   8.69 12.0     140    1.18     111    0.61     242    1.38       1.10      0.07
  75755  406423 20260624 90427    3.05    7.55   22.86   8.69 12.0     140    1.19     112    0.62     244    1.31       0.93      0.11
  75755  406423 20260624 90442    3.93    6.60   22.85   8.70 12.0     140    1.20     113    0.62     246    1.41       1.05      0.06
  75755  406423 20260624 90458    5.09    5.28   22.76   8.68 12.0     139    1.22     115    0.64     254    1.37       0.95      0.09
  75755  406423 20260624 90514    6.00    4.19   22.71   8.67 11.9     138    1.23     116    0.64     256    1.49       0.95      0.00
  75755  406423 20260624 90602    7.06    2.67   21.48   8.33 9.34     106    1.57     152    0.85     378    0.48       0.72      0.02
  75755  406423 20260624 90622    7.97    1.77   20.98   8.28 9.01     101    1.79     175    0.99     456    0.43       0.79      0.05
  75755  406423 20260624 90656    9.01    0.61   20.53   8.25 8.87      99    2.19     217    1.24     601    0.68       0.61     -0.09
