# VERTIKAAL 11 Milieucontainer
* 24-06-2026 11:45:27
#X: 72407 - Y: 400682
#00 DONARLOCATIE: ZTS-27
#08 WAARNEMER(S): bernaards
@ par9.dat

~     X       Y    DATUM   TIJD SENSHTE   Echms       T     pH   O2     %O2   GELBH  GELDHD  SALNTT     CL- CHLFRFU  TROEBHFNU  PHYCOUGL
  72409  400678 20260624 114836    1.02    7.75   23.21   8.64 10.6     124    1.48     138    0.77     328    0.63       1.24      0.05
  72409  400678 20260624 114849    1.96    6.80   23.01   8.63 10.5     123    1.47     138    0.77     327    0.76       1.57     -0.03
  72409  400678 20260624 114906    2.98    5.81   23.00   8.63 10.4     122    1.47     138    0.77     327    0.64       1.71      0.10
  72409  400678 20260624 114920    4.06    4.90   22.95   8.63 10.4     122    1.47     138    0.77     327    0.68       1.66      0.01
  72409  400678 20260624 114934    4.99    4.06   22.94   8.63 10.4     121    1.46     138    0.77     327    0.64       1.56      0.04
  72409  400678 20260624 114952    5.95    3.09   22.91   8.62 10.3     121    1.46     138    0.77     327    0.63       2.09      0.03
  72409  400678 20260624 115005    7.02    2.14   22.91   8.62 10.3     121    1.46     138    0.77     327    0.76       2.17      0.10
  72409  400678 20260624 115020    7.94    1.25   22.90   8.62 10.3     121    1.46     138    0.77     327    0.58       1.76      0.02
