# VERTIKAAL 15 Milieucontainer
* 24-06-2026 12:53:32
#X: 71679 - Y: 391931
#00 DONARLOCATIE: ZTS-31
#08 WAARNEMER(S): bernaards
@ par15.dat

~     X       Y    DATUM   TIJD SENSHTE   Echms       T     pH   GELBH  GELDHD  SALNTT     CL- CHLFRFU  TROEBHFNU  PHYCOUGL
  71683  391928 20260624 130408    0.95    5.91   23.58   8.71    1.61     150    0.84     368    1.26       1.41      0.09
  71683  391928 20260624 130418    2.18    4.33   23.04   8.68    1.60     150    0.84     368    1.55       1.51      0.37
  71683  391928 20260624 130420    3.20    3.24   23.06   8.68    1.60     150    0.84     368    1.66       1.45      0.24
  71683  391928 20260624 130422    4.25    2.29   22.95   8.67    1.59     150    0.84     369    1.55       1.61      0.17
  71683  391928 20260624 130424    5.21    1.41   22.78   8.66    1.59     150    0.84     369    1.53       1.66      0.10
  71683  391928 20260624 130426    6.04    0.73   22.43   8.64    1.58     150    0.84     371    1.34       1.97      0.08
