# VERTIKAAL 17 Milieucontainer
* 24-06-2026 13:51:51
#X: 74535 - Y: 385569
#00 DONARLOCATIE: ZTS-37
#08 WAARNEMER(S): bernaards
@ par17.dat

~     X       Y    DATUM   TIJD SENSHTE   Echms       T     pH   GELBH  GELDHD  SALNTT     CL- CHLFRFU  TROEBHFNU  PHYCOUGL
  74535  385569 20260624 135152    1.00    5.48   23.97   8.68    1.66     153    0.86     380    0.69       3.20      0.03
  74535  385569 20260624 135158    2.06    4.13   24.00   8.68    1.66     153    0.86     380    0.76       3.24      0.22
  74535  385569 20260624 135200    2.97    3.11   23.95   8.68    1.66     153    0.86     381    0.73       3.40      0.16
  74535  385569 20260624 135202    3.93    2.29   23.90   8.68    1.66     153    0.86     381    0.83       3.51      0.03
  74535  385569 20260624 135205    5.04    1.30   23.81   8.67    1.66     153    0.86     381    0.68       3.78      0.03
  74535  385569 20260624 135211    6.12    0.30   23.75   8.67    1.66     153    0.86     381    0.68       3.83      0.06
