# VERTIKAAL 12 Milieucontainer
* 24-06-2026 12:20:52
#X: 74281 - Y: 393237
#00 DONARLOCATIE: ZTS-30
#08 WAARNEMER(S): bernaards
@ par12.dat

~     X       Y    DATUM   TIJD SENSHTE   Echms       T     pH   GELBH  GELDHD  SALNTT     CL- CHLFRFU  TROEBHFNU  PHYCOUGL
  74280  393233 20260624 122458    0.95    5.91   23.40   8.59    1.58     147    0.82     359    1.36       1.91      0.03
  74280  393233 20260624 122505    1.94    4.82   23.30   8.58    1.58     147    0.82     360    1.59       1.98      0.17
  74280  393233 20260624 122508    3.18    3.51   23.21   8.58    1.57     147    0.82     360    1.58       2.13      0.08
  74280  393233 20260624 122510    3.97    3.00   23.17   8.57    1.57     147    0.82     360    1.44       2.09      0.30
  74280  393233 20260624 122515    5.05    1.95   23.12   8.56    1.57     147    0.82     359    1.44       2.29      0.04
  74280  393233 20260624 122519    6.22    0.72   23.08   8.55    1.57     147    0.82     360    1.42       2.13      0.01
