# VERTIKAAL 7 Milieucontainer
* 25-06-2026 09:49:54
#X: 79279 - Y: 374398
#00 DONARLOCATIE: ZTS-45
#08 WAARNEMER(S): Hofman
@ par1.dat

~     X       Y    DATUM   TIJD SENSHTE   Echms       T     pH   GELBH  GELDHD  SALNTT     CL- CHLFRFU  TROEBHFNU  PHYCOUGL
  79279  374398 20260625 94955    0.97    5.17   24.31   8.44   10.95    1003    6.30    3496    4.17       4.86      0.67
  79279  374398 20260625 95002    1.92    4.33   24.33   8.46   10.89     997    6.26    3473    3.91       4.88      0.50
  79279  374398 20260625 95012    2.92    3.29   24.21   8.42   11.10    1018    6.41    3554    4.12       4.94      0.72
  79279  374398 20260625 95019    3.93    2.04   24.09   8.39   11.28    1037    6.54    3626    3.95       4.94      0.34
  79279  374398 20260625 95030    4.95    1.04   24.01   8.35   11.42    1051    6.63    3680    4.00       5.12      0.39
  79279  374398 20260625 95041    6.09    0.26   23.88   8.31   11.61    1072    6.76    3761    3.87       5.61      0.44
