# VERTIKAAL 5 Milieucontainer
* 25-06-2026 09:28:05
#X: 76830 - Y: 376932
#00 DONARLOCATIE: ZTS-43
#08 WAARNEMER(S): Hofman
@ par1.dat

~     X       Y    DATUM   TIJD SENSHTE   Echms       T     pH   GELBH  GELDHD  SALNTT     CL- CHLFRFU  TROEBHFNU  PHYCOUGL
  76830  376932 20260625 92806    0.98    5.50   25.61   8.80    6.83     609    3.69    2041   10.69       5.46      2.21
  76830  376932 20260625 92815    1.90    4.65   25.60   8.79    6.84     611    3.70    2047   10.74       5.83      1.91
  76830  376932 20260625 92822    2.99    3.42   25.60   8.80    6.82     609    3.69    2040   10.58       5.82      1.90
  76830  376932 20260625 92832    4.05    2.35   25.61   8.78    6.96     621    3.76    2084   11.41       6.19      1.93
  76830  376932 20260625 92842    4.91    1.43   25.71   8.74    7.41     660    4.02    2223   12.05       7.16      2.00
  76830  376932 20260625 92849    6.08    0.29   25.76   8.73    7.59     675    4.12    2280   12.64       8.27      1.95
