# VERTIKAAL 4 Milieucontainer
* 08-07-2026 07:49:56
#X: 66367 - Y: 411624
#00 DONARLOCATIE: GTS-17
#08 WAARNEMER(S): Damen
@ par1.dat

~     X       Y    DATUM   TIJD SENSHTE   Echms       T     pH   O2     %O2   GELBH  GELDHD  SALNTT     CL- CHLFRFU  TROEBHFNU  PHYCOUGL
  66366  411624 20260708 75006    1.05    7.37   22.92   8.13 7.44     103   45.99    4330   31.24   17659    1.79       0.73      0.03
  66366  411624 20260708 75028    2.03    6.46   22.91   8.13 7.44     103   45.99    4330   31.25   17662    1.61       0.73      0.04
  66366  411624 20260708 75044    2.97    5.32   22.91   8.13 7.42     103   45.99    4330   31.25   17663    1.62       0.69      0.04
  66366  411624 20260708 75106    4.03    4.10   22.91   8.13 7.40     103   46.00    4331   31.25   17665    1.60       0.61      0.27
  66366  411624 20260708 75126    4.95    3.13   22.90   8.12 7.37     102   46.00    4331   31.25   17665    1.58       0.69      0.09
  66366  411624 20260708 75142    6.02    2.11   22.90   8.11 7.27     101   46.02    4333   31.27   17676    1.22       0.64      0.20
  66366  411624 20260708 75210    7.01    1.20   22.88   8.07 6.70      93   46.10    4342   31.34   17718    1.41       0.60      0.21
