# VERTIKAAL 2 Milieucontainer
* 09-07-2026 08:27:41
#X: 61464 - Y: 416371
#00 DONARLOCATIE: GTS-28
#08 WAARNEMER(S): Damen
@ par1.dat

~     X       Y    DATUM   TIJD SENSHTE   Echms       T     pH   O2     %O2   GELBH  GELDHD  SALNTT     CL- CHLFRFU  TROEBHFNU  PHYCOUGL
  61463  416373 20260709 82821    1.08    4.35   23.06   8.09 7.22     101   46.83    4396   31.78   17967    1.71       0.43     -0.14
  61463  416373 20260709 82834    2.04    3.55   23.05   8.09 7.22     101   46.83    4396   31.77   17967    1.47       0.41      0.04
  61463  416373 20260709 82848    3.04    2.65   23.05   8.09 7.19     100   46.82    4396   31.77   17967    1.66       0.37      0.15
  61463  416373 20260709 82903    4.05    1.72   23.03   8.07 7.03      98   46.82    4397   31.78   17972    1.74       0.49      0.05
  61463  416373 20260709 82933    5.03    0.87   23.01   8.03 6.12      85   46.84    4400   31.81   17990    1.54       0.58     -0.04
