# VERTIKAAL 9 Milieucontainer
* 09-07-2026 10:26:06
#X: 50536 - Y: 420007
#00 DONARLOCATIE: GTS-21
#08 WAARNEMER(S): Damen
@ par1.dat

~     X       Y    DATUM   TIJD SENSHTE   Echms       T     pH   O2     %O2   GELBH  GELDHD  SALNTT     CL- CHLFRFU  TROEBHFNU  PHYCOUGL
  50538  420004 20260709 102759    1.10    7.49   22.72   8.05 7.49     104   46.40    4384   31.68   17916    1.57       0.64      0.11
  50538  420004 20260709 102909    2.10    6.39   22.60   8.04 7.32     101   46.29    4385   31.69   17920    1.59       0.57      0.22
  50538  420004 20260709 102924    3.04    5.45   22.58   8.03 7.30     101   46.27    4386   31.69   17923    1.57       0.57      0.02
  50538  420004 20260709 102941    3.99    4.42   22.51   8.00 6.96      96   46.20    4385   31.69   17922    1.79       0.61     -0.01
  50538  420004 20260709 103014    5.03    3.09   22.19   7.92 6.00      82   45.91    4385   31.69   17925    2.04       0.54     -0.06
  50538  420004 20260709 103039    6.04    2.39   22.02   7.87 5.30      72   45.73    4384   31.68   17919    1.65       0.55      0.11
  50538  420004 20260709 103100    7.00    2.09   21.89   7.84 4.80      65   45.58    4381   31.66   17907    1.36       0.72      0.01
  50538  420004 20260709 103127    7.98    1.59   21.41   7.74 3.72      50   45.11    4379   31.65   17900    0.73       0.68      0.04
  50538  420004 20260709 103202    8.95    0.40   20.51   7.59 2.17      29   44.24    4376   31.62   17890    0.63       1.06      0.27
