# VERTIKAAL 12 Milieucontainer
* 21-08-2026 10:52:03
#X: 70350 - Y: 410230
#00 DONARLOCATIE: ZTS-15
#08 WAARNEMER(S): Damen
@ par12.dat

~     X       Y    DATUM   TIJD SENSHTE   Echms       T     pH   GELBH  GELDHD  SALNTT     CL- CHLFRFU  TROEBHFNU  PHYCOUGL
  70350  410230 20260821 105816    0.96   21.65   21.74   8.86    2.06     199    1.13     538    0.45       3.93      0.63
  70350  410230 20260821 105828    2.01   21.65   21.70   8.86    2.06     199    1.13     539    0.45       4.51      0.76
  70350  410230 20260821 105830    2.93   21.65   21.68   8.85    2.07     200    1.13     541    0.35       4.12      0.59
  70350  410230 20260821 105833    3.92   21.65   21.64   8.84    2.07     200    1.13     542    0.44       3.88      0.43
  70350  410230 20260821 105841    5.04   21.65   21.62   8.84    2.07     200    1.13     542    0.39       4.17      0.73
  70350  410230 20260821 105849    5.97   21.65   21.56   8.84    2.07     200    1.14     544    0.36       3.90      0.33
  70350  410230 20260821 105858    6.95   21.65   21.48   8.81    2.08     202    1.15     550    0.47       3.64      0.44
