# VERTIKAAL 7 Milieucontainer
* 30-06-2026 11:54:17
#X: 44865 - Y: 362025
#00 DONARLOCATIE: KTS-07
#08 WAARNEMER(S): bernaards
@ par1.dat

~     X       Y    DATUM   TIJD SENSHTE   Echms       T     pH   O2     %O2   GELBH  GELDHD  SALNTT     CL- CHLFRFU  TROEBHFNU  PHYCOUGL
  44865  362025 20260630 122312    1.04    6.93   23.76   8.13 8.90     113   22.11    2047   13.67    7623    2.29       3.97      0.33
  44865  362025 20260630 122402    2.01    6.06   23.77   8.13 8.94     113   22.15    2050   13.69    7636    2.43       4.05      0.37
  44865  362025 20260630 122415    2.98    5.08   23.77   8.11 8.81     112   22.29    2062   13.78    7688    2.06       3.91      0.30
  44865  362025 20260630 122433    4.06    3.99   23.75   8.10 8.67     110   22.38    2071   13.85    7725    2.05       4.05      0.18
  44865  362025 20260630 122449    5.03    3.01   23.81   8.10 8.59     109   22.65    2094   14.01    7818    1.98       3.89      0.23
  44865  362025 20260630 122502    5.98    2.08   23.81   8.08 8.49     108   22.83    2110   14.13    7885    2.00       3.76      0.14
  44865  362025 20260630 122516    7.14    0.93   23.79   8.08 8.41     107   22.88    2116   14.18    7911    1.98       4.24      0.26
