# MEETVAARTUIG         : MILIEUCONTAINER
# MEETDATUM            : 24-06-2026 10:17:54
# MEETGEBIED           : ZEELAND
# STARTPUNT            : VTS01
# EINDPUNT             : VTS17
# PROJECTCODE          : ZTS-ATS-VERTIKALEN
# OPDRACHTGEVER        : WVL
# BEHEERDER            : MOBIEL METEN
# BEMONST. INST        : []
# WAARNEMER(S)         : Bernaards
#
* 20260624
$ 9999 [00000000000000000000]
>TIJD       uumm                         
>X          coordinaat                   
>Y          coordinaat                   
>SENSHTE    Diepte set           m       
>Echms      Echoset              mtrs    
>Temp       Temperatuur          oC      
>pH         Zuurgraad            pH      
>O2         Zuurstof             mg/l    
>%O2        Zuurstof%            %       
>GELBH      Geleidendheid        mS/cm   
>GELDHD     Geleidendheid        ???     
>SALNTT     Saliniteit           dimsl   
>CL-        Chloride             mg/l    
>CHLFRFU    Chlorofyl            RFU     
>TROEBHFNU  Troebelheid          FNU     
>PHYCOUGL   Phycocyanine         ug/l    
 -1352    74535   385569    1.00    5.48   23.97    8.68    9999   9999    1.66     153    0.86     380    0.69    3.20    0.03
  1352    74535   385569    2.06    4.13   24.00    8.68    9999   9999    1.66     153    0.86     380    0.76    3.24    0.22
  1352    74535   385569    2.97    3.11   23.95    8.68    9999   9999    1.66     153    0.86     381    0.73    3.40    0.16
  1352    74535   385569    3.93    2.29   23.90    8.68    9999   9999    1.66     153    0.86     381    0.83    3.51    0.03
  1352    74535   385569    5.04    1.30   23.81    8.67    9999   9999    1.66     153    0.86     381    0.68    3.78    0.03
  1352    74535   385569    6.12    0.30   23.75    8.67    9999   9999    1.66     153    0.86     381    0.68    3.83    0.06
 -0837    74629   384207    1.04    5.31   24.46    8.23    9999   9999    1.65     151    0.84     372    2.17    5.86    0.15
  0837    74629   384207    2.06    3.81   24.45    8.23    9999   9999    1.66     151    0.84     373    2.14    8.79    0.30
  0837    74629   384207    2.93    3.39   24.45    8.22    9999   9999    1.66     151    0.85     374    2.16   13.17    0.14
  0838    74629   384207    3.98    2.20   24.45    8.24    9999   9999    1.66     152    0.85     375    2.13    6.57    0.17
  0838    74629   384207    4.99    1.21   24.45    8.24    9999   9999    1.66     152    0.85     376    1.98    6.12    0.18
  0838    74629   384207    5.98    0.31   24.45    8.23    9999   9999    1.67     152    0.85     376    2.29   17.57    0.28
 -0848    74870   382298    1.06    4.72   24.68    8.37    9999   9999    1.70     154    0.86     384    2.82    6.62    0.31
  0849    74870   382298    1.96    3.94   24.71    8.38    9999   9999    1.70     154    0.86     384    2.75    5.95    0.30
  0849    74870   382298    3.03    2.87   24.69    8.38    9999   9999    1.70     154    0.86     384    2.71    7.30    0.35
  0849    74870   382298    4.06    1.49   24.67    8.37    9999   9999    1.70     154    0.86     384    3.02   11.25    0.42
  0849    74870   382298    4.96    0.59   24.67    8.37    9999   9999    1.70     154    0.86     384    2.96   13.22    0.28
 -0858    75082   380354    0.96    4.67   24.87    8.51    9999   9999    1.84     167    0.94     427    7.52   10.53    1.13
  0858    75082   380354    1.91    3.67   24.88    8.51    9999   9999    1.84     166    0.93     425    7.01   10.00    1.09
  0858    75082   380354    2.97    2.55   24.87    8.51    9999   9999    1.86     168    0.94     432    7.58   10.55    1.03
  0858    75082   380354    4.00    1.13   24.84    8.49    9999   9999    1.86     169    0.95     433    8.06   11.27    1.06
  0858    75082   380354    4.99    0.56   24.84    8.50    9999   9999    1.91     173    0.97     449    9.06   12.81    1.26
 -0908    75465   378318    1.04    5.09   25.06    8.81    9999   9999    3.93     354    2.07    1065   17.64   12.15    3.16
  0908    75465   378318    2.00    4.06   25.06    8.81    9999   9999    3.89     351    2.05    1053   15.63   11.07    2.97
  0908    75465   378318    3.01    3.04   25.05    8.81    9999   9999    3.90     352    2.06    1056   17.49   12.82    3.02
  0908    75465   378318    3.91    2.16   25.05    8.80    9999   9999    4.04     365    2.13    1101   20.53   15.33    3.44
  0908    75465   378318    4.97    1.04   25.06    8.79    9999   9999    4.11     371    2.17    1124   20.18   17.25    3.54
 -0928    76830   376932    0.98    5.50   25.61    8.80    9999   9999    6.83     609    3.69    2041   10.69    5.46    2.21
  0928    76830   376932    1.90    4.65   25.60    8.79    9999   9999    6.84     611    3.70    2047   10.74    5.83    1.91
  0928    76830   376932    2.99    3.42   25.60    8.80    9999   9999    6.82     609    3.69    2040   10.58    5.82    1.90
  0928    76830   376932    4.05    2.35   25.61    8.78    9999   9999    6.96     621    3.76    2084   11.41    6.19    1.93
  0928    76830   376932    4.91    1.43   25.71    8.74    9999   9999    7.41     660    4.02    2223   12.05    7.16    2.00
  0928    76830   376932    6.08    0.29   25.76    8.73    9999   9999    7.59     675    4.12    2280   12.64    8.27    1.95
 -0938    78804   376558    1.01    5.09   25.37    8.67    9999   9999    9.01     808    4.99    2766    8.16    4.66    1.32
  0939    78804   376558    1.97    3.83   25.37    8.67    9999   9999    9.03     810    5.00    2771    7.92    5.21    1.16
  0939    78804   376558    3.05    2.56   25.31    8.67    9999   9999    9.10     817    5.04    2799    7.81    5.41    1.22
  0939    78804   376558    3.91    2.00   25.18    8.63    9999   9999    9.27     834    5.17    2864    8.15    5.99    1.37
  0939    78804   376558    5.01    1.30   25.00    8.59    9999   9999    9.50     858    5.32    2951    8.02    7.29    1.21
 -0950    79279   374398    0.97    5.17   24.31    8.44    9999   9999   10.95    1003    6.30    3496    4.17    4.86    0.67
  0950    79279   374398    1.92    4.33   24.33    8.46    9999   9999   10.89     997    6.26    3473    3.91    4.88    0.50
  0950    79279   374398    2.92    3.29   24.21    8.42    9999   9999   11.10    1018    6.41    3554    4.12    4.94    0.72
  0950    79279   374398    3.93    2.04   24.09    8.39    9999   9999   11.28    1037    6.54    3626    3.95    4.94    0.34
  0950    79279   374398    4.95    1.04   24.01    8.35    9999   9999   11.42    1051    6.63    3680    4.00    5.12    0.39
  0950    79279   374398    6.09    0.26   23.88    8.31    9999   9999   11.61    1072    6.76    3761    3.87    5.61    0.44
 -1037    79265   372330    1.09   10.91   24.01    8.32    9999   9999   12.19    1122    7.12    3950    4.43    4.51    0.75
  1037    79265   372330    1.99   10.00   23.69    8.28    9999   9999   12.14    1125    7.14    3962    3.81    4.71    0.62
  1037    79265   372330    2.91    9.57   23.64    8.27    9999   9999   12.14    1126    7.15    3968    3.94    4.66    0.57
  1037    79265   372330    3.95    8.98   23.51    8.26    9999   9999   12.14    1129    7.16    3977    3.82    4.38    0.34
  1037    79265   372330    5.05    8.30   23.50    8.25    9999   9999   12.14    1129    7.17    3978    3.75    4.39    0.59
  1038    79265   372330    5.94    7.39   23.47    8.25    9999   9999   12.14    1130    7.17    3981    4.01    4.35    0.53
  1038    79265   372330    6.91    6.32   23.37    8.23    9999   9999   12.13    1131    7.18    3987    3.97    4.39    0.55
  1038    79265   372330    8.03    5.34   23.28    8.22    9999   9999   12.13    1133    7.19    3994    3.74    4.40    0.33
  1038    79265   372330    8.93    5.04   22.97    8.15    9999   9999   12.17    1144    7.27    4040    3.44    4.75    0.49
  1038    79265   372330    9.92    3.72   22.70    8.08    9999   9999   12.32    1165    7.41    4117    2.73    4.93    0.38
  1038    79265   372330   10.94    2.26   22.55    8.05    9999   9999   12.43    1179    7.51    4171    2.73    5.41    0.23
  1039    79265   372330   11.96    1.42   22.49    8.04    9999   9999   12.64    1200    7.66    4253    2.31    6.50    0.32
