# MEETVAARTUIG         : MILIEUCONTAINER
# MEETDATUM            : 04-08-2026 07:45:22
# MEETGEBIED           : ZEELAND
# STARTPUNT            : KREEKRAK
# EINDPUNT             : KREEKRAK
# PROJECTCODE          : ZTS ATS
# OPDRACHTGEVER        : WVL
# BEHEERDER            : MOBIEL METEN
# BEMONST. INST        : []
# WAARNEMER(S)         : Hofman
#
* 20260804
$ 9999 [00000000000000000000]
>TIJD       uumm                         
>X          coordinaat                   
>Y          coordinaat                   
>SENSHTE    Diepte set           m       
>Echms      Echoset              mtrs    
>Temp       Temperatuur          oC      
>pH         Zuurgraad            pH      
>GELBH      Geleidendheid        mS/cm   
>GELDHD     Geleidendheid        ???     
>SALNTT     Saliniteit           dimsl   
>CL-        Chloride             mg/l    
>CHLFRFU    Chlorofyl            RFU     
>TROEBHFNU  Troebelheid          FNU     
>PHYCOUGL   Phycocyanine         ug/l    
 -2359    74550   385500    0.00    9999    9999    9999    9999    9999    9999    9999    9999    9999    9999
  2359    74550   385500    6.00    9999    9999    9999    9999    9999    9999    9999    9999    9999    9999
 -0745    74652   384094    0.98    4.66   23.61    8.73    1.33     123    0.68     281    0.98   10.91    1.81
  0745    74652   384094    2.10    3.47   23.62    8.73    1.36     126    0.70     287    0.79   12.51    1.49
  0746    74652   384094    2.98    2.64   23.62    8.73    1.38     128    0.71     295    0.82   10.93    2.26
  0746    74652   384094    3.97    1.46   23.61    8.72    1.40     130    0.72     301    0.93   11.62    1.91
  0746    74652   384094    4.97    0.62   23.60    8.72    1.43     132    0.74     309    0.89   12.41    1.56
 -0755    74813   382676    1.09    4.48   23.90    8.77    1.81     167    0.94     428    1.41   12.40    1.86
  0755    74813   382676    2.05    2.46   23.91    8.76    1.82     168    0.94     430    1.49   13.22    1.79
  0755    74813   382676    2.98    0.34   23.91    8.76    1.83     169    0.95     435    1.52   11.92    1.79
 -0807    75070   380310    0.99    4.67   24.02    8.58    3.64     335    1.95     997    2.77   11.62    3.20
  0808    75070   380310    1.93    0.37   24.04    8.57    3.67     338    1.97    1007    3.12   11.34    3.18
  0813    75070   380310    2.90    2.37   24.12    8.53    4.21     387    2.28    1180    3.91   12.75    3.39
  0813    75070   380310    3.92    1.48   24.11    8.53    4.09     376    2.21    1141    3.70   14.15    3.38
  0813    75070   380310    4.98    0.34   24.25    8.50    4.84     444    2.63    1381    4.33   10.59    3.03
 -0832    75453   378325    1.04    4.53   24.34    8.53    6.69     612    3.71    2053    3.68    7.67    2.82
  0832    75453   378325    1.94    3.61   24.34    8.53    6.66     609    3.69    2042    3.58    8.74    2.86
  0832    75453   378325    2.92    2.64   24.37    8.52    6.85     626    3.80    2105    3.99    8.78    2.42
  0832    75453   378325    3.93    1.69   24.39    8.51    6.97     637    3.87    2145    3.81    8.90    2.47
  0832    75453   378325    4.98    0.65   24.44    8.50    7.34     670    4.09    2265    3.91    9.42    2.24
 -0844    76833   376926    1.02    5.40   24.64    8.48    9.25     841    5.22    2892    2.64    5.40    1.58
  0844    76833   376926    1.91    0.83   24.68    8.46    9.49     862    5.36    2969    2.63    5.09    1.36
  0845    76833   376926    2.93    3.52   24.80    8.42   10.11     917    5.72    3172    2.72    4.78    1.24
  0845    76833   376926    4.03    2.39   24.85    8.39   10.37     939    5.87    3255    2.80    5.36    1.08
  0845    76833   376926    4.99    1.33   25.02    8.35   11.14    1005    6.32    3502    2.63    5.30    0.98
 -0855    78798   376566    1.03    4.97   24.72    8.34   11.74    1066    6.73    3733    2.01    4.03    1.10
  0856    78798   376566    1.91    3.98   24.69    8.29   12.27    1115    7.07    3921    1.98    3.62    0.84
  0856    78798   376566    2.90    2.31   24.67    8.25   12.67    1151    7.32    4060    2.00    3.88    0.61
  0856    78798   376566    4.06    2.30   24.66    8.21   13.10    1191    7.58    4211    1.98    3.57    0.49
  0856    78798   376566    4.98    1.44   24.67    8.22   12.89    1172    7.46    4139    2.18    3.56    0.46
 -0910    79309   374370    0.94    0.43   24.48    8.11   14.79    1349    8.68    4824    1.22    2.61    0.33
  0910    79309   374370    1.98    5.12   24.45    8.07   15.15    1382    8.92    4955    1.22    2.72    0.05
  0910    79309   374370    3.00    4.13   24.45    8.07   15.21    1388    8.96    4978    1.15    2.62   -0.13
  0910    79309   374370    3.91    3.15   24.44    8.05   15.36    1402    9.06    5033    1.15    2.89    0.04
  0910    79309   374370    4.90    2.24   24.41    8.02   15.70    1435    9.28    5159    1.16    2.70   -0.10
  0911    79309   374370    5.95    1.25   24.40    8.00   15.91    1453    9.41    5233    1.23    2.80   -0.15
 -0926    79375   372252    0.95    0.30   24.19    7.86   17.28    1586   10.35    5758    0.84    2.17   -0.18
  0926    79375   372252    1.95   13.89   24.19    7.85   17.25    1583   10.33    5747    0.83    2.31   -0.17
  0927    79375   372252    2.91   12.97   24.18    7.85   17.31    1589   10.37    5770    0.77    2.22   -0.15
  0927    79375   372252    3.91   11.91   24.17    7.85   17.34    1592   10.39    5781    0.80    2.26   -0.23
  0927    79375   372252    4.93    0.32   24.17    7.85   17.33    1590   10.38    5776    0.77    2.28   -0.19
  0927    79375   372252    5.95    0.45   24.17    7.85   17.37    1595   10.41    5794    0.82    2.28   -0.21
  0927    79375   372252    6.92    9.11   24.17    7.85   17.36    1593   10.40    5788    0.79    2.16   -0.18
  0928    79375   372252    7.95    8.69   24.11    7.83   17.60    1617   10.57    5884    0.70    2.71   -0.19
  0928    79375   372252    9.01    7.51   24.12    7.84   17.57    1614   10.55    5872    0.80    2.65   -0.17
  0928    79375   372252   10.07    6.39   24.15    7.84   17.48    1605   10.49    5836    0.81    2.53   -0.13
  0928    79375   372252   11.00    5.30   24.13    7.84   17.52    1609   10.52    5852    0.73    2.67   -0.25
  0928    79375   372252   11.98    4.11   24.17    7.85   17.42    1599   10.45    5813    0.85    2.67   -0.05
  0929    79375   372252   12.92    3.14   23.99    7.82   18.41    1695   11.13    6197    0.68    9.35   -0.30
  0929    79375   372252   13.98    1.78   23.91    7.81   18.94    1747   11.50    6405    0.73   15.24   -0.33
