# MEETVAARTUIG         : MILIEUCONTAINER
# MEETDATUM            : 23-07-2026 11:24:24
# MEETGEBIED           : ZEELAND
# STARTPUNT            : GTS 20
# EINDPUNT             : GTS 1
# PROJECTCODE          : GTS-VERTIKALEN
# OPDRACHTGEVER        : WVL
# BEHEERDER            : MOBIEL METEN
# BEMONST. INST        : []
# WAARNEMER(S)         : Bernaards
#
* 20260723
$ 9999 [00000000000000000000]
>TIJD       uumm                         
>X          coordinaat                   
>Y          coordinaat                   
>SENSHTE    Diepte set           m       
>Echms      Echoset              mtrs    
>Temp       Temperatuur          oC      
>pH         Zuurgraad            pH      
>O2         Zuurstof             mg/l    
>%O2        Zuurstof%            %       
>GELBH      Geleidendheid        mS/cm   
>GELDHD     Geleidendheid        ???     
>SALNTT     Saliniteit           dimsl   
>CL-        Chloride             mg/l    
>CHLFRFU    Chlorofyl            RFU     
>TROEBHFNU  Troebelheid          FNU     
>PHYCOUGL   Phycocyanine         ug/l    
 -0954    50760   419782    0.96    9999   20.98    7.95    7.45    100   45.25    4433   32.08   18153    1.30    0.40    0.10
  0955    50760   419782    1.97    9999   20.98    7.95    7.32     98   45.25    4433   32.08   18153    1.12    0.33    0.01
  0955    50760   419782    3.02    9999   20.97    7.95    7.32     98   45.24    4433   32.08   18153    0.97    0.35   -0.08
  0955    50760   419782    4.06    9999   20.97    7.95    7.35     99   45.24    4433   32.08   18153    0.90    0.30    0.00
  0956    50760   419782    5.08    9999   20.97    7.95    7.34     99   45.24    4433   32.08   18153    1.38    0.41    0.08
  0956    50760   419782    5.99    9999   20.97    7.95    7.30     98   45.24    4433   32.08   18153    0.86    0.37    0.11
  0957    50760   419782    7.06    9999   20.94    7.92    7.13     96   45.22    4434   32.09   18157    0.50    0.27   -0.12
  0957    50760   419782    8.00    9999   20.87    7.89    6.51     87   45.16    4434   32.09   18161    0.52    0.32    0.05
 -0945    50224   420495    1.02    9999   21.06    7.95    7.44    100   45.31    4431   32.06   18142    1.96    0.64    0.24
  0945    50224   420495    2.05    9999   21.06    7.95    7.44    100   45.30    4430   32.06   18141    1.66    0.61    0.20
  0945    50224   420495    3.03    9999   21.05    7.95    7.43    100   45.30    4431   32.06   18143    1.59    0.74    0.15
  0946    50224   420495    4.02    9999   21.05    7.95    7.41    100   45.29    4431   32.06   18142    1.65    0.56    0.23
  0946    50224   420495    4.96    9999   21.04    7.94    7.34     99   45.28    4430   32.06   18142    1.68    0.48    0.12
  0946    50224   420495    6.01    9999   21.03    7.94    7.29     98   45.28    4430   32.06   18142    1.72    0.72    0.22
  0946    50224   420495    7.02    9999   21.02    7.94    7.24     97   45.26    4430   32.06   18141    1.52    0.57   -0.06
  0947    50224   420495    7.94    9999   21.01    7.94    7.24     97   45.26    4430   32.06   18142    1.61    0.51    0.26
  0947    50224   420495    8.93    9999   21.01    7.94    7.22     97   45.25    4430   32.06   18141    1.47    0.61    0.20
  0948    50224   420495    9.97    9999   21.00    7.94    7.21     97   45.24    4430   32.06   18141    1.54    0.61    0.28
  0948    50224   420495   11.07    9999   20.99    7.94    7.20     97   45.23    4430   32.06   18142    1.56    0.56    0.19
  0948    50224   420495   12.05    9999   20.98    7.93    7.17     96   45.23    4430   32.06   18141    1.45    0.64    0.05
  0948    50224   420495   12.97    9999   20.98    7.93    7.14     96   45.22    4430   32.06   18141    1.88    0.50    0.09
  0949    50224   420495   13.98    9999   20.98    7.93    7.14     96   45.22    4430   32.06   18141    1.43    0.57    0.02
  0949    50224   420495   14.83    9999   20.97    7.93    7.13     96   45.22    4430   32.06   18142    1.34    0.65    0.02
  0949    50224   420495   14.95    9999   20.97    7.93    7.10     95   45.22    4430   32.06   18141    1.52    0.52    0.30
 -0933    51409   421766    1.02    9999   20.96    7.94    7.33     98   45.21    4430   32.06   18142    1.56    0.65    0.28
  0933    51409   421766    2.05    9999   20.96    7.94    7.32     98   45.21    4431   32.06   18143    1.86    0.62    0.24
  0933    51409   421766    2.98    9999   20.96    7.93    7.26     97   45.21    4430   32.06   18142    1.76    0.64    0.43
  0934    51409   421766    4.07    9999   20.95    7.93    7.25     97   45.21    4431   32.06   18143    1.67    0.70    0.28
  0934    51409   421766    5.03    9999   20.95    7.93    7.24     97   45.21    4431   32.06   18144    1.87    0.74    0.18
  0934    51409   421766    5.99    9999   20.95    7.93    7.19     97   45.20    4431   32.06   18143    1.31    0.52    0.12
  0934    51409   421766    7.01    9999   20.94    7.93    7.15     96   45.20    4431   32.06   18144    1.86    0.63    0.05
  0935    51409   421766    8.01    9999   20.94    7.92    7.12     96   45.19    4431   32.06   18144    1.54    0.54    0.20
  0935    51409   421766    9.02    9999   20.93    7.92    7.07     95   45.19    4431   32.06   18144    1.57    0.71    0.13
  0935    51409   421766   10.03    9999   20.92    7.92    7.05     95   45.18    4431   32.06   18144    1.48    0.56    0.05
  0935    51409   421766   11.02    9999   20.92    7.92    7.04     95   45.18    4431   32.06   18144    1.54    0.42    0.18
  0936    51409   421766   12.01    9999   20.92    7.92    7.00     94   45.17    4430   32.06   18143    1.58    0.52    0.05
  0936    51409   421766   12.97    9999   20.92    7.92    6.99     94   45.17    4430   32.06   18142    1.14    0.49    0.12
  0936    51409   421766   13.94    9999   20.91    7.92    6.97     94   45.17    4431   32.06   18143    1.19    0.47    0.07
  0936    51409   421766   14.99    9999   20.90    7.92    6.95     93   45.15    4431   32.06   18143    1.19    0.48    0.05
  0937    51409   421766   15.98    9999   20.87    7.90    6.76     91   45.12    4430   32.06   18141    1.11    0.48   -0.06
  0937    51409   421766   16.94    9999   20.86    7.90    6.66     89   45.11    4430   32.06   18140    0.93    0.47    0.03
 -0918    53545   423769    1.03    9999   20.81    7.91    6.70     90   45.11    4434   32.09   18160    1.11    0.39    0.07
  0918    53545   423769    1.98    9999   20.82    7.91    6.68     90   45.11    4434   32.09   18160    0.96    0.55   -0.02
  0918    53545   423769    2.99    9999   20.79    7.90    6.55     88   45.10    4435   32.10   18167    0.80    0.56    0.20
  0919    53545   423769    4.02    9999   20.79    7.90    6.52     87   45.10    4435   32.10   18164    1.17    0.50    0.03
  0919    53545   423769    4.99    9999   20.78    7.90    6.54     88   45.10    4436   32.10   18167    0.83    0.50    0.09
  0919    53545   423769    6.01    9999   20.76    7.89    6.46     87   45.09    4437   32.11   18174    0.84    0.53    0.01
  0919    53545   423769    7.03    9999   20.75    7.88    6.31     84   45.08    4438   32.12   18178    0.74    0.67    0.21
  0920    53545   423769    7.96    9999   20.73    7.88    6.22     83   45.08    4439   32.13   18182    0.78    0.60    0.10
  0920    53545   423769    8.99    9999   20.74    7.87    6.17     83   45.07    4438   32.12   18179    0.92    0.53    0.07
  0920    53545   423769    9.99    9999   20.73    7.87    6.16     82   45.08    4439   32.13   18181    0.68    0.51   -0.07
  0920    53545   423769   10.99    9999   20.74    7.87    6.15     82   45.07    4438   32.12   18179    0.94    0.57    0.14
  0921    53545   423769   12.05    9999   20.73    7.87    6.12     82   45.08    4439   32.13   18182    0.93    0.54    0.10
  0921    53545   423769   13.06    9999   20.72    7.86    5.97     80   45.08    4441   32.14   18191    0.59    0.51   -0.02
 -0901    55037   423880    1.04    9999   20.77    7.91    6.80     91   45.07    4435   32.09   18163    1.42    0.68    0.17
  0902    55037   423880    2.01    9999   20.76    7.91    6.78     91   45.07    4435   32.10   18164    1.28    0.64    0.14
  0902    55037   423880    2.97    9999   20.76    7.91    6.78     91   45.07    4435   32.10   18166    1.43    0.59   -0.05
  0902    55037   423880    3.97    9999   20.75    7.91    6.77     91   45.07    4436   32.10   18167    1.46    0.58    0.05
  0903    55037   423880    5.03    9999   20.75    7.91    6.76     90   45.06    4436   32.10   18168    1.67    0.66    0.03
  0903    55037   423880    6.06    9999   20.74    7.91    6.74     90   45.06    4436   32.11   18172    1.77    0.47    0.15
  0903    55037   423880    6.99    9999   20.71    7.90    6.65     89   45.04    4437   32.12   18176    1.47    0.54    0.13
  0903    55037   423880    7.98    9999   20.70    7.89    6.58     88   45.04    4438   32.12   18177    1.38    0.50    0.19
  0904    55037   423880    8.98    9999   20.69    7.89    6.54     87   45.03    4438   32.12   18178    1.19    0.39    0.11
  0904    55037   423880   10.08    9999   20.69    7.89    6.53     87   45.03    4438   32.12   18179    1.18    0.50    0.14
  0904    55037   423880   11.02    9999   20.66    7.89    6.48     87   45.01    4439   32.13   18184    1.13    0.39   -0.03
  0905    55037   423880   11.98    9999   20.58    7.87    6.22     83   44.96    4441   32.15   18194    1.05    0.46    0.21
  0905    55037   423880   12.99    9999   20.51    7.86    6.06     81   44.90    4442   32.16   18200    1.28    0.49    0.07
  0905    55037   423880   14.02    9999   20.47    7.87    6.05     81   44.87    4443   32.16   18202    0.50    0.45    0.12
  0906    55037   423880   15.07    9999   20.42    7.84    5.74     76   44.84    4445   32.18   18212    0.54    0.59    0.07
  0906    55037   423880   16.05    9999   20.39    7.84    5.55     74   44.82    4445   32.18   18214    0.71    0.56    0.10
  0906    55037   423880   17.09    9999   20.36    7.84    5.47     73   44.79    4445   32.18   18215    0.65    0.67    0.12
  0907    55037   423880   18.04    9999   20.32    7.84    5.46     73   44.75    4445   32.18   18215    0.38    0.65    0.04
  0907    55037   423880   18.96    9999   20.26    7.82    5.19     69   44.70    4445   32.18   18216    0.42    0.78    0.11
  0907    55037   423880   19.97    9999   20.19    7.81    5.06     67   44.62    4444   32.17   18211    0.81    0.79   -0.03
  0908    55037   423880   21.04    9999   20.07    7.81    5.06     67   44.49    4443   32.16   18206    0.67    0.80    0.16
  0908    55037   423880   22.02    9999   20.00    7.81    5.08     67   44.42    4442   32.15   18199    0.53    0.80    0.09
  0908    55037   423880   23.07    9999   19.95    7.80    5.03     66   44.37    4442   32.15   18200    0.48    0.77   -0.24
  0908    55037   423880   24.05    9999   19.90    7.79    4.81     63   44.31    4440   32.14   18193    0.43    0.83   -0.10
  0909    55037   423880   24.93    9999   19.88    7.78    4.65     61   44.28    4439   32.13   18189    0.59    0.77    0.02
  0909    55037   423880   26.03    9999   19.38    7.70    3.21     42   43.70    4428   32.04   18140    0.34    1.14    0.08
 -0844    56967   421819    1.01    9999   20.61    7.92    7.10     95   44.97    4440   32.14   18187    1.44    0.40    0.19
  0844    56967   421819    2.00    9999   20.61    7.92    7.10     95   44.97    4440   32.14   18187    1.49    0.45    0.03
  0845    56967   421819    3.06    9999   20.61    7.92    7.11     95   44.97    4440   32.13   18187    1.47    0.41   -0.04
  0845    56967   421819    3.95    9999   20.61    7.92    7.11     95   44.97    4440   32.13   18187    1.34    0.43    0.29
  0845    56967   421819    5.02    9999   20.61    7.92    7.08     95   44.97    4440   32.14   18188    1.43    0.50    0.02
  0846    56967   421819    6.02    9999   20.60    7.92    7.07     94   44.97    4440   32.14   18188    1.55    0.36    0.12
  0846    56967   421819    7.08    9999   20.60    7.92    7.02     94   44.97    4440   32.14   18189    1.29    0.32    0.09
  0846    56967   421819    7.97    9999   20.57    7.90    6.73     90   44.94    4440   32.14   18189    1.16    0.32    0.16
  0847    56967   421819    8.94    9999   20.55    7.90    6.65     89   44.93    4441   32.15   18194    0.82    0.31   -0.03
  0847    56967   421819   10.02    9999   20.48    7.92    6.92     92   44.89    4444   32.17   18207    1.35    0.18    0.03
  0848    56967   421819   10.97    9999   20.21    7.91    6.93     92   44.66    4447   32.19   18222    0.52    0.25   -0.07
  0848    56967   421819   12.07    9999   20.08    7.91    6.90     91   44.56    4449   32.21   18233    0.69    0.29   -0.12
  0849    56967   421819   13.01    9999   19.99    7.91    6.82     90   44.50    4451   32.23   18243    0.54    0.34   -0.07
  0850    56967   421819   14.09    9999   19.99    7.91    6.81     90   44.49    4450   32.22   18240    0.67    0.37    0.06
 -0826    60133   419591    1.08    9999   20.65    7.94    7.35     98   45.01    4440   32.14   18189    0.70    0.37    0.05
  0827    60133   419591    2.06    9999   20.65    7.94    7.32     98   45.01    4440   32.14   18189    0.78    0.29    0.01
  0827    60133   419591    3.01    9999   20.64    7.94    7.32     98   45.01    4440   32.14   18190    0.71    0.24    0.04
  0827    60133   419591    4.03    9999   20.61    7.94    7.36     98   44.99    4442   32.15   18198    0.70    0.35    0.04
  0827    60133   419591    5.05    9999   20.54    7.94    7.34     98   44.96    4445   32.18   18215    0.73    0.29    0.05
  0828    60133   419591    6.03    9999   20.48    7.94    7.23     96   44.93    4447   32.20   18225    0.56    0.27    0.00
  0828    60133   419591    7.02    9999   20.30    7.93    6.82     91   44.78    4450   32.22   18238    0.42    0.29    0.02
  0828    60133   419591    7.98    9999   20.32    7.95    6.91     92   44.96    4466   32.35   18314    0.64    0.44    0.09
  0829    60133   419591    9.02    9999   20.27    7.97    7.01     93   45.13    4488   32.53   18417    0.74    0.40   -0.00
 -0811    61471   416230    1.02    9999   20.29    7.93    7.04     93   44.76    4449   32.21   18234    0.80    0.37   -0.05
  0811    61471   416230    1.99    9999   20.29    7.93    7.04     94   44.77    4449   32.21   18234    0.72    0.23    0.07
  0811    61471   416230    3.08    9999   20.27    7.93    7.02     93   44.75    4450   32.22   18237    0.71    0.31    0.01
  0812    61471   416230    3.97    9999   20.22    7.93    6.97     92   44.71    4450   32.22   18238    0.63    0.22   -0.00
  0812    61471   416230    5.02    9999   20.17    7.92    6.83     90   44.67    4451   32.23   18243    0.60    0.34    0.08
 -0757    61705   413623    1.04    9999   20.11    7.92    7.08     94   44.60    4450   32.22   18239    0.78    0.19    0.10
  0757    61705   413623    2.02    9999   20.10    7.92    7.08     94   44.60    4450   32.22   18238    0.79    0.33    0.14
  0757    61705   413623    3.05    9999   20.10    7.92    7.08     94   44.59    4450   32.22   18238    0.78    0.36    0.06
  0758    61705   413623    4.01    9999   20.11    7.92    7.08     94   44.60    4450   32.22   18239    1.05    0.29    0.21
  0758    61705   413623    4.94    9999   20.11    7.92    7.07     94   44.61    4451   32.22   18241    0.77    0.29    0.22
  0758    61705   413623    6.03    9999   20.14    7.93    7.05     93   44.64    4451   32.23   18245    0.66    0.35    0.14
