# MEETVAARTUIG         : MILIEUCONTAINER
# MEETDATUM            : 08-07-2026 12:00:36
# MEETGEBIED           : ZEELAND
# STARTPUNT            : GTS BEGIN
# EINDPUNT             : GTS EIND
# PROJECTCODE          : GTS-VERTIKALEN
# OPDRACHTGEVER        : WVL
# BEHEERDER            : MOBIEL METEN
# BEMONST. INST        : []
# WAARNEMER(S)         : Damen
#
* 20260708
$ 9999 [00000000000000000000]
>TIJD       uumm                         
>X          coordinaat                   
>Y          coordinaat                   
>SENSHTE    Diepte set           m       
>Echms      Echoset              mtrs    
>Temp       Temperatuur          oC      
>pH         Zuurgraad            pH      
>O2         Zuurstof             mg/l    
>%O2        Zuurstof%            %       
>GELBH      Geleidendheid        mS/cm   
>GELDHD     Geleidendheid        ???     
>SALNTT     Saliniteit           dimsl   
>CL-        Chloride             mg/l    
>CHLFRFU    Chlorofyl            RFU     
>TROEBHFNU  Troebelheid          FNU     
>PHYCOUGL   Phycocyanine         ug/l    
 -1028    50538   420004    1.10    7.49   22.72    8.05    7.49    104   46.40    4384   31.68   17916    1.57    0.64    0.11
  1029    50538   420004    2.10    6.39   22.60    8.04    7.32    101   46.29    4385   31.69   17920    1.59    0.57    0.22
  1029    50538   420004    3.04    5.45   22.58    8.03    7.30    101   46.27    4386   31.69   17923    1.57    0.57    0.02
  1029    50538   420004    3.99    4.42   22.51    8.00    6.96     96   46.20    4385   31.69   17922    1.79    0.61   -0.01
  1030    50538   420004    5.03    3.09   22.19    7.92    6.00     82   45.91    4385   31.69   17925    2.04    0.54   -0.06
  1030    50538   420004    6.04    2.39   22.02    7.87    5.30     72   45.73    4384   31.68   17919    1.65    0.55    0.11
  1031    50538   420004    7.00    2.09   21.89    7.84    4.80     65   45.58    4381   31.66   17907    1.36    0.72    0.01
  1031    50538   420004    7.98    1.59   21.41    7.74    3.72     50   45.11    4379   31.65   17900    0.73    0.68    0.04
  1032    50538   420004    8.95    0.40   20.51    7.59    2.17     29   44.24    4376   31.62   17890    0.63    1.06    0.27
 -1015    50215   420525    1.09   13.48   22.69    8.06    7.51    104   46.38    4386   31.70   17925    1.04    0.53    0.07
  1015    50215   420525    2.06   12.66   22.58    8.05    7.45    103   46.28    4386   31.70   17924    1.44    0.54    0.22
  1015    50215   420525    3.06   11.90   22.56    8.05    7.44    103   46.26    4386   31.70   17926    1.37    0.52    0.13
  1016    50215   420525    4.07   11.39   22.50    8.02    7.18     99   46.20    4386   31.70   17926    1.59    0.56    0.16
  1016    50215   420525    5.04   11.18   22.46    8.00    6.82     94   46.16    4385   31.69   17923    1.90    0.64   -0.06
  1016    50215   420525    5.91   11.53   22.41    7.98    6.41     88   46.10    4385   31.69   17921    1.63    0.69    0.02
  1017    50215   420525    6.98   10.81   22.21    7.90    5.54     76   45.92    4385   31.69   17924    1.03    0.38    0.11
  1018    50215   420525    8.00    9.72   21.22    7.77    4.30     58   44.90    4377   31.63   17891    1.63    0.68    0.21
  1018    50215   420525    9.01    8.19   20.17    7.56    2.14     28   43.83    4367   31.55   17850    0.86    0.74    0.11
  1019    50215   420525   10.03    6.79   19.03    7.47    1.35     17   42.73    4362   31.51   17834    0.51    0.58    0.00
  1019    50215   420525   11.02    5.89   18.36    7.46    1.35     17   42.11    4362   31.51   17837    0.21    0.58   -0.04
  1020    50215   420525   12.01    5.48   17.76    7.47    1.48     19   41.57    4363   31.52   17842    0.16    0.54   -0.13
  1020    50215   420525   12.98    4.73   17.44    7.45    1.48     19   41.26    4361   31.51   17838    0.16    0.66    0.02
  1020    50215   420525   13.97    3.93   17.22    7.42    1.12     14   41.05    4360   31.50   17832    0.29    0.63    0.01
  1021    50215   420525   15.89    2.83   16.92    7.39    0.51      6   40.76    4358   31.48   17827    0.15    1.12   -0.12
  1021    50215   420525   15.96    2.70   16.86    7.40    0.30      4   40.71    4358   31.48   17827    0.11    1.28   -0.03
  1022    50215   420525   17.03    1.64   16.69    7.40    0.22      3   40.56    4359   31.49   17831    0.08    1.51    0.22
  1022    50215   420525   17.98    0.57   16.48    7.38    0.19      2   40.37    4359   31.49   17830    0.12    1.30   -0.05
 -0959    51418   421746    1.05   16.18   22.61    8.09    7.68    106   46.31    4387   31.70   17927    0.87    0.57    0.02
  0959    51418   421746    2.02   15.53   22.56    8.09    7.68    106   46.27    4387   31.71   17929    1.27    0.61   -0.00
  0960    51418   421746    3.08   14.34   22.51    8.09    7.64    105   46.22    4387   31.70   17929    1.39    0.60    0.17
  1000    51418   421746    3.97   13.74   22.50    8.09    7.61    105   46.20    4386   31.70   17927    1.30    0.48    0.01
  1000    51418   421746    5.00   12.74   22.46    8.08    7.54    104   46.16    4386   31.70   17926    1.38    0.54   -0.16
  1000    51418   421746    5.94   11.90   22.25    8.05    7.41    102   45.94    4384   31.68   17919    1.86    0.82    0.14
  1001    51418   421746    6.97   10.98   21.96    7.99    6.78     93   45.64    4381   31.66   17907    2.77    0.81    0.06
  1001    51418   421746    8.02   10.18   21.68    7.90    5.72     78   45.36    4379   31.65   17899    2.20    0.89    0.08
  1002    51418   421746    9.03    9.37   21.19    7.77    4.21     57   44.84    4373   31.60   17874    1.21    0.69    0.07
  1002    51418   421746   10.07    8.52   20.57    7.67    3.05     41   44.23    4370   31.57   17862    0.71    0.74    0.03
  1003    51418   421746   11.02    7.69   20.22    7.62    2.49     33   43.89    4369   31.56   17857    0.70    0.67   -0.05
  1003    51418   421746   12.01    6.75   19.84    7.58    1.96     26   43.52    4367   31.55   17851    0.58    0.74   -0.18
  1003    51418   421746   13.04    5.65   19.35    7.53    1.42     19   43.05    4365   31.54   17846    0.23    0.61    0.14
  1004    51418   421746   14.01    4.54   18.88    7.50    1.19     15   42.63    4366   31.54   17851    0.23    0.64   -0.00
  1004    51418   421746   14.96    3.38   18.40    7.47    1.04     13   42.15    4362   31.51   17838    0.23    0.50   -0.05
  1004    51418   421746   15.98    2.32   18.02    7.46    1.03     13   41.79    4361   31.51   17835    0.10    0.52    0.00
  1005    51418   421746   16.96    1.42   17.79    7.46    1.08     14   41.60    4363   31.52   17842    0.30    0.71    0.02
  1005    51418   421746   17.88    0.67   17.57    7.45    1.08     14   41.39    4362   31.51   17841    0.15    0.76    0.13
 -0939    53477   423734    1.01   10.59   22.56    8.11    7.79    107   46.25    4385   31.69   17920    1.37    0.60    0.01
  0939    53477   423734    2.15   11.53   22.47    8.09    7.68    106   46.16    4385   31.69   17921    1.58    0.63   -0.07
  0940    53477   423734    3.05   11.54   22.44    8.08    7.48    103   46.13    4384   31.68   17918    1.85    0.60    0.17
  0940    53477   423734    3.99   11.34   22.40    8.07    7.33    101   46.08    4384   31.68   17917    1.67    0.68    0.05
  0940    53477   423734    4.89   10.88   22.33    8.06    7.09     97   46.03    4384   31.69   17919    1.37    0.66    0.04
  0941    53477   423734    6.02   10.43   22.12    8.01    6.11     84   45.80    4382   31.66   17907    1.51    0.64   -0.09
  0941    53477   423734    7.09    9.63   22.03    7.97    6.09     83   45.72    4382   31.67   17909    1.61    0.71    0.04
  0942    53477   423734    7.97    9.06   21.96    7.95    5.88     80   45.63    4380   31.65   17902    1.56    0.86    0.20
  0942    53477   423734    9.10    8.37   21.92    7.94    5.73     78   45.60    4381   31.66   17903    1.51    1.09    0.14
  0943    53477   423734    9.98    7.79   21.70    7.88    5.22     71   45.40    4381   31.66   17904    1.76    0.96    0.29
  0943    53477   423734   11.02    7.14   21.32    7.79    4.22     57   44.99    4376   31.62   17885    1.29    1.20    0.12
  0944    53477   423734   12.06    6.23   21.05    7.74    3.65     49   44.73    4375   31.61   17882    0.96    1.75   -0.17
  0944    53477   423734   13.05    5.36   20.94    7.72    3.38     45   44.62    4374   31.60   17878    0.88    1.90    0.15
  0944    53477   423734   14.07    4.54   20.88    7.70    3.21     43   44.55    4373   31.60   17874    0.72    3.41    0.04
  0944    53477   423734   15.03    3.73   20.87    7.70    3.09     41   44.54    4373   31.60   17874    0.67    4.00    0.13
  0945    53477   423734   16.06    2.87   20.83    7.69    3.01     40   44.49    4372   31.59   17870    0.73    2.23   -0.00
  0945    53477   423734   16.98    2.06   20.76    7.68    2.90     39   44.43    4373   31.59   17872    0.59    1.06    0.04
  0945    53477   423734   18.02    1.25   20.72    7.67    2.69     36   44.39    4372   31.59   17871    0.52    0.75   -0.13
 -0921    54999   423908    1.06   17.59   22.59    8.08    7.22    100   46.29    4387   31.70   17927    1.26    0.45    0.09
  0921    54999   423908    2.02   18.44   22.52    8.08    7.12     98   46.23    4386   31.70   17927    1.22    0.39    0.14
  0921    54999   423908    3.07   18.23   22.46    8.06    6.96     96   46.16    4386   31.70   17926    1.16    0.37    0.05
  0922    54999   423908    4.07   18.45   22.39    8.02    6.46     89   46.09    4385   31.69   17921    1.27    0.56    0.03
  0922    54999   423908    5.01   18.07   22.35    8.02    6.45     89   46.05    4385   31.69   17920    1.52    0.69    0.17
  0922    54999   423908    6.00   17.14   22.32    8.00    6.33     87   46.01    4384   31.68   17917    1.98    0.62    0.18
  0923    54999   423908    7.03   16.12   22.14    7.94    5.76     79   45.85    4385   31.69   17921    1.73    0.65    0.14
  0923    54999   423908    8.10   15.14   21.92    7.90    5.34     73   45.61    4382   31.67   17911    1.81    0.82    0.14
  0924    54999   423908    9.07   14.39   21.70    7.84    4.46     61   45.41    4382   31.67   17912    1.04    0.57   -0.03
  0924    54999   423908    9.96   13.82   21.65    7.83    4.05     55   45.35    4381   31.66   17908    0.80    0.63   -0.16
  0924    54999   423908   10.96   13.19   21.51    7.80    3.81     52   45.21    4381   31.66   17906    0.82    0.57   -0.08
  0925    54999   423908   11.96   12.70   21.43    7.79    3.67     50   45.13    4379   31.65   17901    0.71    0.54   -0.13
  0925    54999   423908   13.11   11.97   21.20    7.75    3.56     48   44.88    4376   31.62   17886    0.94    0.74    0.05
  0925    54999   423908   14.05   11.38   21.15    7.74    3.44     46   44.83    4375   31.62   17884    0.86    0.48   -0.13
  0926    54999   423908   15.11   10.54   21.09    7.73    3.35     45   44.77    4376   31.62   17885    0.54    0.65   -0.10
  0926    54999   423908   16.06    9.84   21.07    7.73    3.26     44   44.75    4376   31.62   17886    0.65    0.51    0.01
  0926    54999   423908   17.00    9.13   21.06    7.73    3.19     43   44.75    4376   31.62   17888    0.36    0.50    0.09
  0926    54999   423908   18.01    8.22   20.96    7.72    3.01     40   44.66    4377   31.63   17894    0.28    0.68    0.03
  0927    54999   423908   18.94    7.47   20.42    7.65    2.00     27   44.18    4380   31.65   17907    0.25    0.90    0.09
  0927    54999   423908   19.94    7.00   19.97    7.59    1.30     17   43.76    4379   31.64   17906    0.17    0.97   -0.15
  0928    54999   423908   20.97    6.49   17.43    7.45    0.39      5   41.41    4377   31.64   17913    0.15    0.81   -0.13
  0928    54999   423908   22.10    5.47   17.18    7.45    0.30      4   41.10    4370   31.58   17879    0.00    0.80   -0.09
  0929    54999   423908   22.94    4.89   17.08    7.46    0.23      3   41.02    4370   31.58   17879    0.05    0.84   -0.00
  0929    54999   423908   23.93    3.96   17.03    7.49    0.20      2   40.97    4369   31.57   17877    0.04    0.96    0.04
  0930    54999   423908   25.00    2.78   17.00    7.50    0.18      2   40.94    4369   31.57   17877    0.04    0.68   -0.12
  0930    54999   423908   25.96    1.80   16.96    7.51    0.16      2   40.90    4369   31.57   17876    0.05    0.59    0.02
  0930    54999   423908   27.07    0.68   16.92    7.52    0.15      2   40.86    4369   31.57   17875    0.04    0.69    0.21
 -0904    56860   421875    1.06   15.28   22.85    8.09    7.47    103   46.49    4383   31.67   17907    1.57    0.40    0.01
  0904    56860   421875    2.05   14.40   22.82    8.08    7.40    102   46.47    4383   31.67   17909    1.78    0.51    0.04
  0904    56860   421875    3.08   13.51   22.76    8.06    7.16     99   46.42    4383   31.67   17909    1.60    0.47   -0.06
  0905    56860   421875    3.97   12.81   22.67    8.04    6.80     94   46.32    4382   31.67   17906    1.32    0.58   -0.05
  0905    56860   421875    5.01   11.57   22.60    7.98    5.87     81   46.30    4387   31.71   17930    1.01    0.55   -0.00
  0906    56860   421875    5.94   10.68   22.45    7.95    5.39     74   46.20    4390   31.73   17945    0.82    0.44   -0.05
  0906    56860   421875    6.92    9.55   22.40    7.95    5.16     71   46.13    4389   31.72   17938    0.61    0.45    0.07
  0906    56860   421875    8.09    8.50   22.36    7.93    4.93     68   46.10    4389   31.72   17940    0.64    0.46    0.09
  0907    56860   421875    8.98    7.60   22.17    7.91    4.70     64   45.94    4391   31.74   17950    0.66    0.75    0.10
  0907    56860   421875    9.99    6.60   22.06    7.89    4.63     63   45.78    4385   31.69   17923    0.69    0.65    0.13
  0907    56860   421875   10.94    5.64   22.04    7.89    4.51     62   45.76    4385   31.69   17924    0.91    0.57    0.04
  0908    56860   421875   12.05    4.59   22.02    7.85    4.02     55   45.79    4390   31.73   17949    1.09    0.72    0.03
  0908    56860   421875   12.99    3.64   22.00    7.84    3.79     52   45.79    4392   31.75   17956    1.27    0.69    0.25
  0908    56860   421875   14.04    2.60   21.70    7.80    3.51     48   45.43    4384   31.68   17920    0.72    0.65    0.14
  0908    56860   421875   15.04    1.62   21.64    7.80    3.49     47   45.35    4382   31.67   17913    0.75    0.67    0.01
  0909    56860   421875   16.04    0.58   21.77    7.80    3.36     46   45.55    4389   31.72   17944    1.02    0.90    0.20
 -0845    60103   419743    1.02   10.02   23.21    8.11    7.67    107   46.89    4388   31.71   17929    2.06    0.43    0.01
  0845    60103   419743    2.04    9.20   23.20    8.11    7.66    107   46.88    4387   31.71   17928    2.04    0.49    0.23
  0845    60103   419743    2.88    8.52   23.19    8.10    7.63    106   46.87    4387   31.71   17927    1.90    0.48    0.05
  0845    60103   419743    4.05    7.33   23.18    8.10    7.62    106   46.85    4387   31.71   17926    2.11    0.45    0.27
  0846    60103   419743    5.00    6.44   23.22    8.11    7.61    106   46.91    4389   31.72   17935    2.38    0.51    0.19
  0846    60103   419743    6.02    5.42   23.36    8.13    7.57    106   47.17    4401   31.82   17990    2.16    0.50    0.12
  0846    60103   419743    7.05    4.32   23.29    8.15    7.53    105   47.27    4415   31.93   18058    2.16    0.65    0.11
  0847    60103   419743    7.97    3.28   23.32    8.09    6.30     88   47.58    4442   32.15   18182    1.86    0.61    0.09
  0847    60103   419743    9.03    2.34   23.14    8.05    5.64     79   47.49    4449   32.21   18219    1.44    0.66    0.12
  0847    60103   419743   10.06    1.33   22.95    8.02    5.35     75   47.31    4451   32.22   18225    1.15    0.57    0.14
  0848    60103   419743   10.98    0.49   22.81    7.94    3.80     53   47.25    4457   32.27   18257    0.78    0.53    0.11
 -0828    61463   416373    1.08    4.35   23.06    8.09    7.22    101   46.83    4396   31.78   17967    1.71    0.43   -0.14
  0828    61463   416373    2.04    3.55   23.05    8.09    7.22    101   46.83    4396   31.77   17967    1.47    0.41    0.04
  0828    61463   416373    3.04    2.65   23.05    8.09    7.19    100   46.82    4396   31.77   17967    1.66    0.37    0.15
  0829    61463   416373    4.05    1.72   23.03    8.07    7.03     98   46.82    4397   31.78   17972    1.74    0.49    0.05
  0829    61463   416373    5.03    0.87   23.01    8.03    6.12     85   46.84    4400   31.81   17990    1.54    0.58   -0.04
 -0814    61588   413692    0.92    5.87   22.98    8.07    6.53     91   46.83    4402   31.83   17998    1.85    0.54    0.11
  0814    61588   413692    2.01    4.43   23.01    8.05    5.96     83   46.91    4407   31.87   18021    1.50    0.52    0.05
  0815    61588   413692    2.96    3.22   22.89    7.98    4.79     66   46.82    4410   31.89   18034    1.13    0.58   -0.00
  0815    61588   413692    3.99    2.05   22.86    7.98    5.07     70   46.79    4409   31.89   18033    0.93    0.55    0.11
  0815    61588   413692    5.02    0.97   22.78    7.99    5.06     70   46.72    4409   31.89   18033    0.85    0.31    0.00
