# MEETVAARTUIG         : MILIEUCONTAINER
# MEETDATUM            : 05-08-2026 14:09:05
# MEETGEBIED           : ZEELAND
# STARTPUNT            : BRUINISSE
# EINDPUNT             : BRUINISSE
# PROJECTCODE          : GTS-VERTIKALEN
# OPDRACHTGEVER        : WVL
# BEHEERDER            : MOBIEL METEN
# BEMONST. INST        : []
# WAARNEMER(S)         : Damen
#
* 20260805
$ 9999 [00000000000000000000]
>TIJD       uumm                         
>X          coordinaat                   
>Y          coordinaat                   
>SENSHTE    Diepte set           m       
>Echms      Echoset              mtrs    
>Temp       Temperatuur          oC      
>pH         Zuurgraad            pH      
>O2         Zuurstof             mg/l    
>%O2        Zuurstof%            %       
>GELBH      Geleidendheid        mS/cm   
>GELDHD     Geleidendheid        ???     
>SALNTT     Saliniteit           dimsl   
>CL-        Chloride             mg/l    
>CHLFRFU    Chlorofyl            RFU     
>TROEBHFNU  Troebelheid          FNU     
>PHYCOUGL   Phycocyanine         ug/l    
 -1020    50752   419813    0.98    9999   21.42    7.86    5.73     78   45.89    4455   32.26   18254    0.80    0.55   -0.03
  1021    50752   419813    1.98    9999   21.42    7.86    5.73     78   45.90    4455   32.26   18254    0.78    0.52    0.07
  1021    50752   419813    2.97    9999   21.42    7.86    5.75     78   45.90    4455   32.26   18254    0.66    0.54    0.12
  1022    50752   419813    3.97    9999   21.42    7.86    5.77     78   45.90    4455   32.26   18256    0.84    0.49    0.18
 -1010    50222   420519    1.01    9999   21.78    7.91    6.11     83   46.25    4456   32.27   18258    0.71    0.59   -0.08
  1010    50222   420519    1.98    9999   21.77    7.91    6.08     83   46.24    4456   32.27   18258    1.04    0.73   -0.21
  1010    50222   420519    3.00    9999   21.77    7.90    6.08     83   46.24    4456   32.27   18257    0.89    0.61    0.03
  1010    50222   420519    4.01    9999   21.76    7.90    6.06     83   46.23    4456   32.27   18257    0.85    0.58   -0.17
  1011    50222   420519    4.93    9999   21.74    7.90    6.02     82   46.20    4455   32.26   18253    1.01    0.55    0.00
  1011    50222   420519    6.03    9999   21.74    7.90    6.00     82   46.20    4455   32.26   18255    0.93    0.55   -0.04
  1012    50222   420519    7.00    9999   21.75    7.90    6.01     82   46.22    4456   32.26   18256    0.86    0.69    0.01
  1012    50222   420519    8.02    9999   21.75    7.90    6.02     82   46.21    4456   32.26   18256    0.97    0.59    0.05
  1012    50222   420519    9.02    9999   21.74    7.90    6.00     82   46.21    4456   32.26   18256    0.91    0.58   -0.09
  1012    50222   420519   10.10    9999   21.70    7.89    5.95     81   46.16    4454   32.25   18251    0.90    0.73    0.03
  1013    50222   420519   11.04    9999   21.70    7.89    5.91     81   46.15    4454   32.25   18250    1.05    0.61    0.10
  1013    50222   420519   12.00    9999   21.71    7.89    5.91     81   46.17    4454   32.25   18250    0.90    0.56    0.07
  1013    50222   420519   12.98    9999   21.60    7.88    5.80     79   46.04    4453   32.24   18244    0.59    0.83   -0.04
 -0953    51422   421770    1.00    9999   22.26    7.96    6.40     88   46.79    4464   32.33   18294    1.07    0.78    0.15
  0953    51422   421770    1.98    9999   22.25    7.96    6.42     88   46.79    4465   32.34   18296    1.09    0.87    0.05
  0953    51422   421770    3.07    9999   22.23    7.95    6.40     88   46.76    4464   32.33   18291    0.91    0.80    0.05
  0953    51422   421770    4.01    9999   22.24    7.96    6.39     88   46.78    4464   32.33   18293    0.85    1.04   -0.21
  0954    51422   421770    5.00    9999   22.25    7.96    6.39     88   46.79    4464   32.33   18294    0.99    1.06   -0.02
  0954    51422   421770    5.99    9999   22.18    7.95    6.36     87   46.71    4463   32.32   18289    0.89    0.91   -0.09
  0954    51422   421770    7.03    9999   22.18    7.95    6.34     87   46.70    4463   32.32   18286    1.02    0.80    0.09
  0955    51422   421770    7.97    9999   22.20    7.95    6.35     87   46.73    4463   32.33   18290    1.06    0.83   -0.05
  0955    51422   421770    8.97    9999   22.09    7.94    6.31     87   46.60    4461   32.31   18281    1.02    0.69   -0.09
  0955    51422   421770    9.98    9999   22.07    7.94    6.26     86   46.57    4460   32.30   18276    0.94    0.68    0.06
  0956    51422   421770   10.96    9999   21.88    7.91    6.07     83   46.36    4458   32.28   18266    0.91    0.78    0.04
  0956    51422   421770   12.06    9999   21.88    7.91    6.03     82   46.37    4458   32.28   18267    0.99    0.66   -0.06
  0957    51422   421770   13.04    9999   21.79    7.90    5.95     81   46.30    4459   32.29   18273    0.85    0.89    0.12
  0957    51422   421770   14.02    9999   21.75    7.90    5.93     81   46.26    4459   32.29   18272    0.77    0.85    0.02
  0958    51422   421770   15.04    9999   21.76    7.90    5.95     81   46.26    4459   32.29   18273    0.84    0.79    0.07
  0958    51422   421770   16.03    9999   21.77    7.90    5.95     81   46.27    4459   32.29   18273    0.83    0.66   -0.08
  0959    51422   421770   16.95    9999   21.78    7.90    5.94     81   46.28    4459   32.29   18273    0.76    0.66   -0.16
  0959    51422   421770   17.96    9999   21.77    7.90    5.92     81   46.28    4459   32.29   18273    0.73    0.64    0.01
  0960    51422   421770   19.03    9999   21.65    7.90    5.91     81   46.17    4461   32.30   18280    0.73    0.78    0.01
  1000    51422   421770   20.14    9999   21.70    7.89    5.89     80   46.21    4459   32.29   18271    0.71    0.90   -0.10
 -0934    53452   423757    1.03    9999   22.43    7.97    6.45     89   47.04    4472   32.40   18330    1.27    0.74    0.06
  0934    53452   423757    2.00    9999   22.42    7.97    6.44     89   47.04    4472   32.40   18331    1.29    0.66    0.01
  0935    53452   423757    2.97    9999   22.42    7.97    6.44     89   47.03    4472   32.40   18330    1.20    0.65    0.13
  0935    53452   423757    4.02    9999   22.41    7.97    6.41     89   47.03    4472   32.40   18330    1.10    0.74    0.03
  0935    53452   423757    5.02    9999   22.40    7.97    6.40     88   47.02    4472   32.40   18331    1.11    0.63    0.10
  0936    53452   423757    6.04    9999   22.39    7.97    6.39     88   47.00    4472   32.39   18329    1.28    0.66    0.11
  0936    53452   423757    7.03    9999   22.38    7.97    6.38     88   46.99    4471   32.39   18326    1.04    0.71   -0.09
  0936    53452   423757    8.03    9999   22.32    7.96    6.37     88   46.91    4470   32.38   18319    1.07    0.70   -0.09
  0937    53452   423757    9.04    9999   22.25    7.96    6.38     88   46.81    4467   32.36   18307    1.09    0.68    0.05
  0937    53452   423757    9.97    9999   22.21    7.95    6.37     88   46.76    4465   32.34   18297    1.09    0.78   -0.07
  0937    53452   423757   11.07    9999   22.22    7.96    6.37     88   46.78    4466   32.35   18303    1.03    0.76    0.04
  0938    53452   423757   12.06    9999   22.16    7.95    6.33     87   46.72    4466   32.34   18301    0.86    0.68   -0.08
  0938    53452   423757   12.91    9999   22.09    7.94    6.25     86   46.63    4464   32.33   18291    0.78    1.08   -0.10
 -0918    54902   423981    1.06    9999   22.85    8.01    6.54     91   47.56    4483   32.48   18378    1.02    0.65    0.04
  0918    54902   423981    2.01    9999   22.83    8.00    6.54     91   47.53    4482   32.48   18374    0.96    0.67   -0.12
  0918    54902   423981    3.05    9999   22.76    7.99    6.39     89   47.44    4479   32.45   18362    0.89    0.67    0.21
  0919    54902   423981    4.00    9999   22.74    7.99    6.39     89   47.43    4480   32.46   18367    0.90    0.57    0.10
  0919    54902   423981    5.07    9999   22.65    7.97    6.21     86   47.33    4479   32.45   18359    0.72    0.61    0.04
  0920    54902   423981    6.00    9999   22.44    7.94    6.01     83   47.09    4476   32.43   18348    0.69    0.59    0.00
  0920    54902   423981    7.05    9999   22.17    7.95    6.13     84   46.75    4468   32.36   18312    0.78    0.84    0.07
  0920    54902   423981    7.97    9999   22.15    7.95    6.22     86   46.72    4467   32.35   18306    0.91    0.86    0.09
  0921    54902   423981    8.99    9999   22.15    7.95    6.24     86   46.71    4466   32.35   18304    1.02    0.95    0.05
  0921    54902   423981   10.03    9999   22.13    7.95    6.24     86   46.70    4467   32.35   18306    0.84    1.16   -0.03
  0921    54902   423981   11.02    9999   22.10    7.95    6.24     86   46.67    4466   32.35   18303    0.97    0.89   -0.18
  0922    54902   423981   11.93    9999   22.10    7.95    6.26     86   46.66    4466   32.35   18303    1.09    0.87    0.08
  0922    54902   423981   13.07    9999   22.13    7.95    6.23     86   46.69    4467   32.35   18305    0.89    0.77   -0.10
  0923    54902   423981   14.03    9999   22.16    7.95    6.18     85   46.74    4468   32.37   18314    0.95    0.79   -0.03
  0923    54902   423981   15.06    9999   22.17    7.95    6.18     85   46.78    4471   32.39   18325    0.86    0.68   -0.12
  0924    54902   423981   15.99    9999   22.13    7.95    6.17     85   46.74    4472   32.39   18329    1.02    0.68    0.03
  0924    54902   423981   16.99    9999   22.08    7.95    6.23     86   46.67    4469   32.37   18318    1.04    0.77   -0.08
  0924    54902   423981   18.09    9999   22.08    7.95    6.24     86   46.66    4468   32.36   18312    1.05    0.88   -0.11
  0925    54902   423981   18.99    9999   22.10    7.95    6.25     86   46.69    4469   32.37   18315    1.06    0.65    0.01
  0925    54902   423981   19.98    9999   22.00    7.94    6.24     86   46.58    4467   32.35   18307    0.97    0.88   -0.03
  0926    54902   423981   21.09    9999   21.95    7.94    6.23     85   46.53    4468   32.36   18311    1.00    0.93   -0.07
 -0859    56820   421893    0.96    9999   22.51    7.99    6.27     87   47.18    4477   32.44   18353    0.72    0.50   -0.15
  0859    56820   421893    2.01    9999   22.51    7.99    6.26     87   47.17    4477   32.43   18351    0.76    0.77    0.04
  0859    56820   421893    3.04    9999   22.51    7.99    6.26     87   47.17    4477   32.44   18353    0.63    0.62   -0.05
  0900    56820   421893    4.03    9999   22.52    7.99    6.25     87   47.18    4477   32.44   18354    0.73    0.71    0.06
  0900    56820   421893    5.00    9999   22.53    7.99    6.23     86   47.22    4480   32.46   18366    0.66    0.66   -0.05
  0901    56820   421893    6.05    9999   22.51    7.98    6.12     85   47.23    4482   32.48   18377    0.77    0.66   -0.06
  0901    56820   421893    7.05    9999   22.50    7.98    6.09     84   47.22    4482   32.48   18377    0.72    0.67    0.05
  0901    56820   421893    7.98    9999   22.49    7.98    6.08     84   47.21    4482   32.48   18378    0.66    0.58    0.07
  0902    56820   421893    8.97    9999   22.48    7.98    6.06     84   47.20    4483   32.48   18380    0.72    0.67   -0.18
  0902    56820   421893   10.06    9999   22.46    7.99    6.06     84   47.20    4484   32.50   18387    0.68    0.86    0.00
  0902    56820   421893   10.98    9999   22.46    7.99    6.06     84   47.24    4488   32.53   18406    0.78    1.03   -0.04
  0903    56820   421893   12.04    9999   22.56    8.00    6.04     84   47.50    4504   32.65   18477    0.67    1.09    0.02
  0903    56820   421893   13.01    9999   22.53    8.01    6.00     83   47.51    4508   32.69   18498    0.71    1.03    0.12
  0903    56820   421893   13.97    9999   22.44    8.01    5.97     83   47.45    4510   32.70   18505    0.67    0.97    0.05
  0904    56820   421893   14.99    9999   22.43    8.01    5.96     83   47.47    4513   32.72   18520    0.74    1.20    0.06
 -0835    60155   419587    1.03    9999   22.36    8.05    6.39     88   47.48    4521   32.79   18558    1.11    0.84    0.10
  0836    60155   419587    1.99    9999   22.54    8.05    6.34     88   47.73    4528   32.85   18590    1.06    1.02   -0.23
  0836    60155   419587    2.98    9999   22.57    8.05    6.33     88   47.78    4529   32.86   18596    0.95    0.90    0.03
  0837    60155   419587    4.06    9999   22.71    8.07    6.27     88   48.21    4557   33.08   18726    0.83    1.07   -0.21
  0837    60155   419587    5.10    9999   22.72    8.07    6.28     88   48.23    4558   33.09   18731    0.83    0.88    0.03
  0837    60155   419587    5.95    9999   22.59    8.07    6.30     88   48.17    4564   33.15   18763    0.74    0.88   -0.12
  0838    60155   419587    6.99    9999   22.54    8.07    6.28     87   48.30    4581   33.28   18841    0.93    1.07   -0.16
  0838    60155   419587    8.05    9999   22.44    8.07    6.23     87   48.18    4579   33.27   18834    0.77    0.99    0.01
  0839    60155   419587    9.00    9999   22.25    8.07    6.20     86   47.97    4577   33.25   18827    0.75    0.85    0.05
  0839    60155   419587    9.98    9999   22.65    8.07    6.21     87   48.46    4587   33.33   18870    0.93    1.12    0.00
 -0816    61462   416319    0.97    9999   21.83    8.03    5.87     81   46.95    4519   32.78   18553    0.63    0.87   -0.05
  0816    61462   416319    2.04    9999   21.92    8.05    6.06     83   47.09    4524   32.82   18579    0.67    1.05    0.02
  0817    61462   416319    3.02    9999   21.89    8.05    6.04     83   47.09    4527   32.84   18590    0.48    0.91    0.05
  0817    61462   416319    4.04    9999   21.15    8.03    5.63     76   46.11    4501   32.63   18472    0.39    0.63    0.01
  0818    61462   416319    5.04    9999   21.93    8.05    6.03     83   47.12    4525   32.83   18583    0.76    0.96   -0.13
 -0758    61716   413622    0.98   22.08   22.10    8.00    5.87     81   46.76    4475   32.42   18347    0.85    0.81    0.04
  0758    61716   413622    1.97   22.08   22.09    8.00    5.87     81   46.75    4475   32.42   18346    0.92    0.83   -0.01
  0758    61716   413622    3.01   22.08   22.07    7.99    5.83     80   46.72    4474   32.41   18342    0.93    0.75    0.10
  0759    61716   413622    3.99   22.08   22.08    7.99    5.79     80   46.74    4475   32.42   18345    0.92    0.67   -0.06
  0759    61716   413622    5.04   22.08   22.10    8.00    5.80     80   46.77    4477   32.43   18354    0.92    0.73    0.11
  0800    61716   413622    6.00   22.08   22.09    8.00    5.78     79   46.76    4476   32.43   18352    0.80    0.77   -0.12
  0800    61716   413622    6.94   22.08   22.09    8.00    5.76     79   46.77    4477   32.43   18353    0.87    0.77    0.05
