# MEETVAARTUIG         : MILIEUCONTAINER
# MEETDATUM            : 25-06-2026 11:23:21
# MEETGEBIED           : ZEELAND
# STARTPUNT            : GTS20
# EINDPUNT             : GTS1
# PROJECTCODE          : VERTIKAAL BASIS
# OPDRACHTGEVER        : WVL
# BEHEERDER            : MOBIEL METEN
# BEMONST. INST        : []
# WAARNEMER(S)         : Bernaards
#
* 20260625
$ 9999 [00000000000000000000]
>TIJD       uumm                         
>X          coordinaat                   
>Y          coordinaat                   
>SENSHTE    Diepte set           m       
>Echms      Echoset              mtrs    
>Temp       Temperatuur          oC      
>pH         Zuurgraad            pH      
>O2         Zuurstof             mg/l    
>%O2        Zuurstof%            %       
>GELBH      Geleidendheid        mS/cm   
>GELDHD     Geleidendheid        ???     
>SALNTT     Saliniteit           dimsl   
>CL-        Chloride             mg/l    
>CHLFRFU    Chlorofyl            RFU     
>TROEBHFNU  Troebelheid          FNU     
>PHYCOUGL   Phycocyanine         ug/l    
 -0752    50910   419686    0.95    7.62   26.45    8.30    8.47    125   49.35    4331   31.25   17645    1.63    0.52   -0.20
  0752    50910   419686    2.03    5.67   26.45    8.31    8.50    126   49.35    4332   31.25   17647    1.89    0.40   -0.25
  0752    50910   419686    2.99    4.74   26.46    8.31    8.54    126   49.35    4331   31.25   17645    1.92    0.40   -0.21
  0752    50910   419686    4.04    3.73   26.46    8.31    8.61    127   49.36    4332   31.25   17648    1.92    0.53   -0.29
  0753    50910   419686    4.97    2.85   26.44    8.31    8.65    128   49.34    4331   31.25   17646    2.00    0.42   -0.27
  0754    50910   419686    6.00    2.12   22.67    8.07    6.49     90   45.83    4336   31.30   17692    9.79    1.14    0.40
  0754    50910   419686    6.98    1.85   19.22    7.66    3.50     46   42.83    4355   31.45   17800    3.95    1.10   -0.07
  0755    50910   419686    7.94    0.96   18.15    7.60    2.95     38   41.92    4363   31.52   17842    1.48    0.89   -0.25
 -0800    50174   420409    1.14   11.01   26.43    8.33    8.92    132   49.34    4332   31.26   17651    1.94    0.37   -0.41
  0801    50174   420409    1.86    8.25   26.42    8.33    8.89    131   49.33    4332   31.26   17651    2.01    0.38   -0.35
  0801    50174   420409    3.04    8.71   26.40    8.33    8.85    131   49.31    4333   31.26   17653    2.02    0.40   -0.56
  0802    50174   420409    4.10    8.38   26.09    8.27    8.08    119   48.98    4330   31.24   17641    2.19    0.42   -0.27
  0802    50174   420409    5.04    7.43   25.93    8.26    7.86    115   48.84    4330   31.24   17645    1.85    0.51   -0.43
  0803    50174   420409    6.01    6.01   25.81    8.28    8.23    120   48.74    4331   31.25   17650    2.44    0.45   -0.42
  0804    50174   420409    7.03    7.24   19.27    7.85    5.56     73   43.03    4371   31.58   17872    3.72    0.88   -0.16
  0804    50174   420409    8.05    6.24   19.35    7.85    5.45     71   43.05    4365   31.53   17844    5.42    0.83    0.09
  0805    50174   420409    9.02    6.33   18.36    7.83    5.31     68   42.16    4367   31.55   17859    1.35    0.73   -0.22
  0805    50174   420409   10.00    0.00   17.99    7.83    5.35     68   41.78    4363   31.52   17841    0.96    0.86   -0.28
  0806    50174   420409   11.06    0.00   17.60    7.82    5.29     67   41.40    4361   31.50   17834    0.85    0.74   -0.31
  0806    50174   420409   12.03    5.36   17.44    7.78    5.08     64   41.26    4360   31.50   17833    0.63    0.80   -0.35
  0807    50174   420409   13.08    3.73   17.30    7.70    4.30     54   41.12    4360   31.49   17830    0.35    1.14   -0.31
  0807    50174   420409   14.05    3.53   17.26    7.69    4.07     51   41.10    4361   31.50   17835    0.31    1.02   -0.34
  0808    50174   420409   15.08    0.00   17.16    7.64    3.65     46   41.01    4362   31.51   17841    0.30    1.25   -0.26
  0808    50174   420409   16.00    0.00   17.11    7.61    3.28     41   40.95    4360   31.50   17834    0.18    1.09   -0.31
 -0817    51311   421673    1.05   21.68   25.83    8.35    9.30    136   48.80    4335   31.28   17667    2.05    0.38   -0.44
  0818    51311   421673    2.00   20.23   25.84    8.35    9.28    136   48.80    4335   31.28   17665    2.38    0.33   -0.38
  0818    51311   421673    3.12   17.46   25.84    8.35    9.28    136   48.80    4334   31.28   17665    2.29    0.50   -0.38
  0818    51311   421673    3.99   15.41   25.78    8.34    9.25    135   48.76    4336   31.29   17670    2.19    0.39   -0.30
  0819    51311   421673    5.03   13.73   25.72    8.33    9.15    134   48.71    4337   31.29   17675    2.46    0.38   -0.41
  0820    51311   421673    6.12   12.59   25.65    8.32    9.07    132   48.65    4337   31.30   17678    2.47    0.35   -0.34
  0820    51311   421673    7.05   11.38   24.77    8.28    8.95    129   47.92    4347   31.38   17729    3.03    0.66   -0.31
  0821    51311   421673    8.00   10.52   19.40    7.86    5.45     71   43.12    4368   31.56   17858    4.45    0.92   -0.12
  0822    51311   421673    9.00    9.59   18.19    7.82    5.14     66   42.01    4368   31.56   17865    0.85    0.85   -0.23
  0822    51311   421673   10.03    8.29   18.04    7.79    4.95     63   41.84    4365   31.53   17850    0.54    1.03   -0.29
  0822    51311   421673   11.01    6.70   17.94    7.78    4.75     60   41.76    4366   31.54   17856    0.49    0.93   -0.24
  0823    51311   421673   11.97    4.48   17.89    7.76    4.53     58   41.73    4367   31.55   17862    0.44    1.01   -0.26
  0823    51311   421673   13.09    2.88   17.87    7.75    4.44     56   41.72    4367   31.56   17864    0.45    1.14   -0.36
  0824    51311   421673   13.98    1.77   17.83    7.76    4.43     56   41.67    4366   31.55   17858    0.52    0.99   -0.34
  0824    51311   421673   14.97    0.77   17.75    7.76    4.45     56   41.59    4366   31.54   17856    0.40    1.02   -0.20
 -0838    53381   423691    1.03   12.97   25.42    8.24    8.17    119   48.58    4350   31.40   17740    2.51    0.72   -0.33
  0839    53381   423691    2.10   12.26   25.37    8.24    8.20    119   48.50    4348   31.39   17731    2.33    0.73   -0.24
  0839    53381   423691    2.96   12.02   25.28    8.25    8.21    119   48.37    4344   31.35   17713    2.62    0.74   -0.28
  0839    53381   423691    4.10   11.50   25.29    8.25    8.20    119   48.39    4345   31.36   17715    2.76    0.66   -0.26
  0840    53381   423691    4.97   11.40   25.29    8.25    8.18    119   48.39    4344   31.36   17714    2.89    0.64   -0.26
  0840    53381   423691    5.95   11.08   25.29    8.23    8.12    118   48.43    4348   31.38   17730    3.00    0.77   -0.34
  0841    53381   423691    6.96   10.60   22.93    8.13    7.39    103   46.24    4351   31.42   17761    5.64    0.78    0.03
  0841    53381   423691    8.06    9.36   19.19    7.83    5.14     67   42.86    4361   31.50   17827    3.77    0.99   -0.11
  0842    53381   423691    9.02    8.43   18.35    7.75    4.48     57   42.16    4368   31.56   17863    1.44    1.06   -0.29
  0842    53381   423691    9.98    7.58   18.28    7.74    4.21     54   42.10    4368   31.56   17865    1.04    1.15   -0.20
  0843    53381   423691   10.94    6.98   18.16    7.73    3.99     51   41.96    4365   31.54   17851    1.51    1.05   -0.29
  0843    53381   423691   12.05    6.09   18.11    7.72    3.87     49   41.91    4364   31.53   17847    0.81    1.03   -0.29
  0843    53381   423691   13.03    5.36   18.07    7.72    3.81     49   41.87    4364   31.53   17848    0.97    1.20   -0.08
  0844    53381   423691   14.15    4.27   18.05    7.72    3.76     48   41.84    4364   31.52   17845    0.65    1.06   -0.24
  0844    53381   423691   14.95    2.73   18.02    7.71    3.72     47   41.81    4363   31.52   17843    0.69    1.08   -0.29
  0844    53381   423691   16.03    0.38   17.97    7.70    3.63     46   41.77    4363   31.52   17845    0.34    1.02   -0.12
 -0852    54773   423962    1.07   20.66   25.36    8.20    7.75    112   48.45    4344   31.35   17711    2.16    0.81   -0.21
  0852    54773   423962    2.02   20.70   25.37    8.20    7.68    112   48.47    4344   31.35   17712    2.38    0.61   -0.18
  0853    54773   423962    2.92   19.93   25.31    8.20    7.68    111   48.40    4344   31.35   17711    2.94    0.61   -0.29
  0854    54773   423962    4.09   19.10   25.19    8.21    7.77    112   48.29    4344   31.35   17711    2.79    0.76   -0.26
  0854    54773   423962    5.03   18.33   25.21    8.20    7.76    112   48.32    4345   31.36   17718    2.67    0.80   -0.29
  0855    54773   423962    5.96    5.27   25.09    8.18    7.14    103   48.12    4337   31.30   17682    2.56    0.74   -0.10
  0855    54773   423962    7.02   16.30   24.81    8.17    7.21    104   47.83    4335   31.28   17672    3.71    0.69    0.06
  0856    54773   423962    8.02   14.69   18.49    7.77    4.57     59   42.23    4362   31.51   17835    1.97    1.02   -0.33
  0856    54773   423962    9.04   12.86   18.38    7.75    4.32     55   42.13    4362   31.51   17834    1.41    1.08   -0.26
  0857    54773   423962   10.09   11.22   18.34    7.75    4.16     53   42.11    4364   31.52   17844    1.57    1.02   -0.11
  0857    54773   423962   11.10   10.38   18.22    7.76    4.19     54   42.04    4368   31.56   17863    1.59    1.07   -0.28
  0858    54773   423962   11.99    9.97   18.06    7.76    4.21     54   41.87    4365   31.54   17854    0.71    1.23   -0.21
  0858    54773   423962   13.02    9.05   18.04    7.76    4.22     54   41.86    4365   31.54   17854    0.83    1.07   -0.11
  0859    54773   423962   13.93    8.23   18.01    7.77    4.29     55   41.81    4365   31.53   17851    0.58    1.05   -0.25
  0860    54773   423962   14.95    7.70   17.97    7.77    4.31     55   41.79    4366   31.55   17859    0.70    1.04   -0.36
  0900    54773   423962   16.02    6.99   17.83    7.75    4.10     52   41.67    4367   31.55   17863    0.37    1.03   -0.17
  0900    54773   423962   17.14    6.04   17.72    7.72    3.79     48   41.58    4367   31.55   17864    0.24    1.27   -0.32
  0901    54773   423962   17.92    5.41   17.68    7.72    3.59     45   41.54    4367   31.55   17862    0.40    1.24   -0.28
  0901    54773   423962   18.95    4.33   17.61    7.73    3.69     47   41.47    4366   31.54   17859    0.15    1.19   -0.29
  0902    54773   423962   20.01    3.11   17.39    7.74    3.58     45   41.31    4371   31.58   17882    0.23    1.14   -0.29
  0902    54773   423962   21.13    2.04   17.35    7.73    3.42     43   41.27    4370   31.58   17881    0.09    1.27   -0.23
  0903    54773   423962   22.08    1.62   17.29    7.72    3.22     40   41.22    4371   31.58   17883    0.04    1.47   -0.32
  0903    54773   423962   23.13    0.56   17.25    7.72    3.08     39   41.18    4370   31.58   17882    0.27    1.40   -0.35
 -0917    56726   421973    1.10   14.84   24.91    8.27    8.56    123   47.81    4325   31.20   17625    2.49    0.70   -0.23
  0917    56726   421973    1.98    0.05   24.46    8.25    8.45    121   47.46    4332   31.26   17660    3.05    0.78   -0.13
  0918    56726   421973    3.02   13.33   23.91    8.20    8.02    113   47.01    4338   31.31   17692    3.59    0.81   -0.04
  0918    56726   421973    4.01   12.52   23.09    8.16    7.78    109   46.27    4340   31.32   17706    4.66    1.03   -0.10
  0918    56808   421884    5.02   11.51   22.18    8.06    6.40     88   45.30    4329   31.24   17660    6.57    1.14    0.16
  0919    56808   421884    6.04   10.55   20.95    7.98    5.91     79   44.17    4330   31.23   17672    7.96    1.16    0.29
  0920    56808   421884    7.04    9.52   19.29    7.80    4.52     59   42.89    4355   31.45   17798    5.60    1.38    0.20
  0920    56808   421884    8.06    8.50   19.17    7.79    4.42     58   42.82    4359   31.48   17817    5.42    1.28    0.03
  0921    56808   421884    9.06    7.51   18.81    7.76    4.26     55   42.65    4375   31.61   17893    3.45    1.19    0.08
  0921    56808   421884   10.05    6.56   18.37    7.76    4.12     53   42.20    4370   31.58   17873    2.22    1.13   -0.22
  0921    56808   421884   11.01    5.66   18.14    7.75    4.04     52   41.99    4370   31.58   17876    0.88    0.92   -0.23
  0922    56808   421884   12.03    4.67   18.08    7.73    3.86     49   41.91    4367   31.55   17862    0.82    1.23   -0.32
  0922    56808   421884   12.94    3.78   17.98    7.71    3.56     45   41.81    4367   31.56   17864    1.07    1.06   -0.24
  0922    56808   421884   14.04    2.80   17.94    7.70    3.36     43   41.78    4367   31.56   17864    0.94    1.33   -0.21
  0922    56808   421884   15.03    1.75   17.91    7.69    3.24     41   41.75    4367   31.55   17862    0.89    1.40   -0.24
  0923    56808   421884   16.06    0.68   17.84    7.67    2.97     38   41.69    4368   31.56   17865    0.95    1.43   -0.21
 -0941    60005   419871    1.06   10.38   27.18    8.22    6.47     97   50.25    4349   31.39   17725    1.16    0.27   -0.45
  0942    60005   419871    1.95    9.51   22.43    8.08    6.72     93   45.73    4348   31.39   17746    5.12    1.43    0.02
  0942    60005   419871    2.97    8.56   21.25    7.96    5.91     80   44.95    4379   31.64   17897    4.42    1.23    0.04
  0943    60005   419871    3.99    7.41   19.80    7.84    4.92     65   43.39    4358   31.47   17808    6.31    1.61    0.25
  0944    60005   419871    5.08    6.32   18.82    7.75    4.24     55   42.57    4366   31.55   17854    4.41    1.21    0.04
  0944    60005   419871    5.94    5.47   18.99    7.75    3.87     50   42.67    4360   31.49   17822    5.64    1.12    0.21
  0944    60005   419871    6.98    4.52   18.94    7.76    3.98     51   42.67    4364   31.53   17845    5.26    1.17    0.11
  0945    60005   419871    7.99    3.38   18.55    7.69    3.48     45   42.33    4367   31.55   17856    4.32    1.28    0.06
  0946    60005   419871    9.08    2.35   18.13    7.45    0.69      9   41.95    4367   31.55   17859    1.46    2.51   -0.17
  0947    60005   419871    9.90    1.66   18.08    7.46    0.49      6   41.90    4367   31.55   17862    1.98    2.85   -0.09
  0947    60005   419871   11.10    0.53   18.05    7.45    0.42      5   41.88    4367   31.55   17861    0.97    4.99   -0.16
 -1006    61458   416533    0.94    5.46   26.69    8.22    6.73     99   48.71    4256   30.64   17293    1.24    0.48   -0.33
  1006    61458   416533    1.99    4.43   26.21    8.24    6.71     99   48.97    4319   31.15   17590    1.78    0.56   -0.10
  1006    61458   416533    3.07    3.36   22.63    8.10    6.58     91   46.17    4371   31.56   17857    3.17    0.98   -0.20
  1007    61458   416533    4.06    2.42   19.69    7.79    4.52     59   43.48    4377   31.63   17897    5.47    1.62    0.07
  1008    61458   416533    5.04    1.43   19.55    7.78    4.23     55   43.31    4372   31.59   17877    4.99    1.45   -0.02
  1008    61458   416533    6.02    0.45   19.33    7.75    3.90     51   43.04    4366   31.54   17850    5.83    1.57    0.19
 -1022    61629   413815    0.89    0.31   25.49    8.15    6.98    101   47.81    4276   30.81   17394    1.09    0.61   -0.36
  1022    61629   413815    2.20    0.49   25.31    8.14    7.18    104   47.64    4275   30.80   17391    1.46    0.86   -0.23
  1024    61629   413815    2.84    4.15   21.90    8.04    5.73     78   45.32    4355   31.45   17785    4.61    1.33   -0.06
  1024    61629   413815    4.13    2.60   20.38    7.86    4.92     65   43.94    4358   31.48   17807    4.73    1.59    0.02
  1025    61629   413815    5.04    1.43   19.91    7.75    3.66     48   43.53    4361   31.50   17822    5.13    1.54    0.14
  1026    61629   413815    5.96    0.31   19.13    7.58    2.07     27   42.87    4367   31.55   17857   11.73    3.02    0.89
