# MEETVAARTUIG         : MILIEUCONTAINER
# MEETDATUM            : 19-08-2026 12:51:54
# MEETGEBIED           : ZEELAND
# STARTPUNT            : A
# EINDPUNT             : B
# PROJECTCODE          : GTS-VERTIKALEN
# OPDRACHTGEVER        : WVL
# BEHEERDER            : MOBIEL METEN
# BEMONST. INST        : []
# WAARNEMER(S)         : Damen
#
* 20260819
$ 9999 [00000000000000000000]
>TIJD       uumm                         
>X          coordinaat                   
>Y          coordinaat                   
>SENSHTE    Diepte set           m       
>Echms      Echoset              mtrs    
>Temp       Temperatuur          oC      
>pH         Zuurgraad            pH      
>O2         Zuurstof             mg/l    
>%O2        Zuurstof%            %       
>GELBH      Geleidendheid        mS/cm   
>GELDHD     Geleidendheid        ???     
>SALNTT     Saliniteit           dimsl   
>CL-        Chloride             mg/l    
>CHLFRFU    Chlorofyl            RFU     
>TROEBHFNU  Troebelheid          FNU     
>PHYCOUGL   Phycocyanine         ug/l    
 -1252    47517   418822    0.97    9999   21.75    7.90    5.90     82   46.49    4482   32.47   18379    0.88    2.00    0.01
  1252    47517   418822    2.03    9999   21.75    7.91    5.98     83   46.49    4482   32.48   18380    0.90    2.40   -0.11
  1253    47517   418822    2.92    9999   21.74    7.91    5.97     83   46.49    4483   32.48   18383    0.84    2.30    0.03
  1253    47517   418822    4.04    9999   21.68    7.89    5.81     80   46.41    4481   32.47   18375    0.71    2.02   -0.08
  1253    47517   418822    5.01    9999   21.70    7.91    5.81     80   46.46    4483   32.49   18386    0.73    2.23    0.01
  1254    47517   418822    6.01    9999   21.74    7.92    5.99     83   46.51    4485   32.50   18393    0.81    2.39    0.07
  1254    47517   418822    6.96    9999   21.75    7.93    6.17     86   46.52    4485   32.50   18394    0.88    2.11    0.02
  1254    47517   418822    8.00    9999   21.74    7.93    6.24     86   46.52    4486   32.51   18399    0.85    2.34   -0.09
  1255    47517   418822    9.02    9999   21.73    7.93    6.29     87   46.52    4487   32.52   18403    1.43    2.38    0.12
  1255    47517   418822    9.94    9999   21.70    7.94    6.33     88   46.51    4488   32.53   18410    0.79    2.35   -0.07
 -1259    47950   418380    0.96    9999   21.79    7.93    6.27     87   46.50    4479   32.45   18367    1.20    1.80    0.10
  1260    47950   418380    1.97    9999   21.80    7.92    6.29     87   46.51    4479   32.45   18367    1.73    1.70    0.02
  1300    47950   418380    2.95    9999   21.81    7.92    6.28     87   46.54    4480   32.46   18372    1.31    1.71    0.13
  1300    47950   418380    3.98    9999   21.81    7.93    6.28     87   46.54    4481   32.47   18373    1.62    1.76    0.16
  1301    47950   418380    4.97    9999   21.81    7.93    6.29     87   46.54    4481   32.47   18373    1.27    1.50    0.05
  1301    47950   418380    6.02    9999   21.82    7.93    6.27     87   46.54    4481   32.47   18374    1.21    1.57    0.09
  1301    47950   418380    7.09    9999   21.81    7.92    6.26     87   46.53    4481   32.47   18373    1.12    1.49    0.09
  1302    47950   418380    8.03    9999   21.79    7.92    6.21     86   46.52    4481   32.47   18375    1.42    1.79    0.06
  1302    47950   418380    9.07    9999   21.77    7.91    6.10     85   46.50    4481   32.47   18376    1.22    1.67    0.03
  1303    47950   418380   10.07    9999   21.73    7.91    6.01     83   46.47    4482   32.48   18379    1.10    2.12    0.05
  1303    47950   418380   11.02    9999   21.72    7.91    6.00     83   46.48    4483   32.48   18385    2.10    2.21    0.11
  1303    47950   418380   11.96    9999   21.73    7.93    6.13     85   46.50    4485   32.50   18392    1.04    2.01    0.13
  1304    47950   418380   12.95    9999   21.73    7.94    6.32     88   46.52    4487   32.52   18403    1.21    2.58    0.07
  1304    47950   418380   14.02    9999   21.67    7.94    6.35     88   46.49    4490   32.54   18418    1.05    2.22    0.05
  1304    47950   418380   14.99    9999   21.57    7.93    6.29     87   46.41    4491   32.55   18422    0.77    3.71    0.06
  1306    47950   418380   16.01    9999   19.38    7.68    1.38     18   44.00    4458   32.29   18282    0.19    2.64   -0.00
 -1316    48738   418226    0.96    9999   21.87    7.93    6.60     92   46.55    4477   32.43   18353    1.28    1.33    0.08
  1316    48738   418226    1.97    9999   21.89    7.93    6.46     90   46.58    4478   32.44   18360    1.51    1.16    0.05
  1317    48738   418226    2.98    9999   21.89    7.93    6.41     89   46.59    4478   32.45   18362    1.33    1.17    0.01
  1317    48738   418226    3.97    9999   21.89    7.93    6.38     89   46.59    4479   32.45   18363    1.43    1.02    0.11
  1317    48738   418226    5.12    9999   21.89    7.92    6.36     88   46.59    4479   32.45   18364    1.40    1.05    0.03
  1318    48738   418226    5.94    9999   21.89    7.93    6.36     88   46.59    4479   32.45   18364    1.48    1.46    0.10
  1318    48738   418226    6.99    9999   21.89    7.92    6.34     88   46.59    4479   32.45   18365    1.57    1.20    0.11
  1319    48738   418226    7.94    9999   21.89    7.92    6.35     88   46.60    4479   32.45   18365    1.40    1.28    0.01
  1319    48738   418226    9.02    9999   21.89    7.93    6.33     88   46.59    4479   32.45   18365    1.73    1.32    0.03
  1320    48738   418226   10.04    9999   21.89    7.92    6.33     88   46.59    4479   32.45   18366    1.43    1.01    0.05
  1320    48738   418226   11.02    9999   21.88    7.92    6.28     87   46.58    4479   32.45   18367    1.34    1.25    0.01
  1320    48738   418226   11.95    9999   21.78    7.89    5.94     82   46.50    4480   32.46   18370    0.82    1.70    0.01
  1321    48738   418226   13.07    9999   21.62    7.87    5.62     78   46.34    4479   32.45   18368    0.90    1.51    0.08
  1321    48738   418226   13.93    9999   21.52    7.86    5.35     74   46.24    4479   32.45   18366    0.72    1.67   -0.04
  1322    48738   418226   15.09    9999   21.37    7.84    5.03     69   46.08    4478   32.44   18361    0.64    1.69   -0.04
  1323    48738   418226   16.01    9999   19.90    7.71    2.42     32   44.55    4465   32.34   18310    0.31    1.06    0.00
  1323    48738   418226   17.01    9999   18.80    7.64    0.61      8   43.40    4452   32.24   18255    0.19    3.67    0.05
  1324    48738   418226   18.03    9999   17.49    7.68    0.42      5   42.23    4455   32.25   18279    0.16    4.81    0.04
  1324    48738   418226   18.98    9999   16.14    7.67    0.30      4   40.68    4426   32.03   18146    0.14    3.16   -0.07
  1325    48738   418226   20.05    9999   15.74    7.66    0.23      3   40.27    4421   31.99   18126    0.09    2.65    0.02
  1325    48738   418226   20.94    9999   15.46    7.65    0.17      2   39.98    4417   31.96   18107    0.12    2.11    0.05
  1326    48738   418226   22.00    9999   15.12    7.64    0.15      2   39.65    4414   31.94   18096    0.13    1.67    0.03
  1326    48738   418226   23.09    9999   14.99    7.63    0.12      1   39.51    4412   31.92   18088    0.12    1.34    0.14
  1327    48738   418226   23.98    9999   14.94    7.61    0.10      1   39.45    4411   31.91   18082    0.17    1.25    0.04
  1327    48738   418226   24.96    9999   14.91    7.60    0.09      1   39.42    4410   31.91   18080    0.10    1.22   -0.05
  1328    48738   418226   25.98    9999   14.69    7.60    0.08      1   39.21    4409   31.89   18072    0.13    0.91    0.01
  1328    48738   418226   27.03    9999   14.56    7.59    0.07      1   39.09    4409   31.90   18074    0.11    0.84    0.02
  1328    48738   418226   27.94    9999   14.40    7.59    0.06      1   38.95    4409   31.90   18076    0.12    0.78    0.02
  1329    48738   418226   29.05    9999   14.38    7.58    0.05      1   38.92    4408   31.89   18072    0.09    0.78    0.08
  1329    48738   418226   30.05    9999   13.78    7.58    0.04      0   38.41    4411   31.92   18090    0.12    0.63    0.01
  1330    48738   418226   31.06    9999   13.31    7.59    0.03      0   37.97    4408   31.89   18077    0.17    0.58    0.09
  1330    48738   418226   32.04    9999   12.60    7.59    0.02      0   37.39    4415   31.95   18110    0.11    0.58    0.11
  1330    48738   418226   33.00    9999   11.71    7.59    0.00      0   36.56    4411   31.92   18096    0.12    0.77   -0.06
  1331    48738   418226   34.00    9999   10.60    7.60   -0.00      0   35.64    4417   31.97   18130    0.11    0.85    0.12
  1331    48738   418226   35.07    9999    9.79    7.61   -0.00      0   34.96    4421   32.00   18154    0.06    0.76    0.06
  1332    48738   418226   36.07    9999    9.63    7.61   -0.00      0   34.79    4417   31.97   18135    0.10    1.06    0.06
  1332    48738   418226   37.03    9999    9.36    7.60   -0.00      0   34.56    4417   31.98   18138    0.06    0.95   -0.01
  1333    48738   418226   37.98    9999    9.25    7.59   -0.00      0   34.46    4417   31.98   18138    0.10    0.96    0.18
  1333    48738   418226   38.99    9999    9.17    7.59   -0.00      0   34.38    4416   31.97   18132    0.12    0.88    0.03
 -1231    49753   418274    0.96    9999   21.96    7.95    6.57     91   46.64    4477   32.44   18355    1.89    1.19    0.08
  1232    49753   418274    1.97    9999   21.97    7.95    6.55     91   46.64    4476   32.43   18352    1.55    1.27    0.09
  1232    49753   418274    2.99    9999   21.97    7.95    6.53     91   46.64    4476   32.43   18352    1.74    1.27   -0.10
  1232    49753   418274    4.10    9999   21.96    7.95    6.51     91   46.64    4477   32.43   18354    1.58    1.25    0.10
  1233    49753   418274    5.01    9999   21.96    7.95    6.51     90   46.65    4477   32.44   18356    1.76    1.34    0.04
  1233    49753   418274    6.01    9999   21.96    7.95    6.53     91   46.64    4477   32.44   18356    1.72    1.31    0.11
  1233    49753   418274    7.03    9999   21.96    7.95    6.53     91   46.65    4477   32.44   18356    1.70    1.33    0.08
  1233    49753   418274    7.99    9999   21.94    7.93    6.41     89   46.62    4477   32.44   18357    1.30    1.27    0.02
  1234    49753   418274    8.97    9999   21.92    7.92    6.24     87   46.61    4478   32.44   18359    1.29    1.34    0.13
  1234    49753   418274   10.03    9999   21.91    7.92    6.19     86   46.60    4478   32.44   18360    1.54    1.26    0.06
  1234    49753   418274   10.98    9999   21.91    7.92    6.18     86   46.60    4478   32.44   18360    1.41    1.18   -0.00
  1235    49753   418274   12.05    9999   21.86    7.92    6.18     86   46.56    4479   32.45   18365    1.87    1.28    0.01
  1235    49753   418274   13.02    9999   21.83    7.91    5.99     83   46.53    4478   32.45   18362    1.46    1.42    0.09
  1236    49753   418274   13.97    9999   21.74    7.89    5.76     80   46.45    4478   32.45   18363    0.84    1.43   -0.06
  1236    49753   418274   15.07    9999   21.53    7.87    5.33     74   46.25    4479   32.45   18366    0.62    1.41   -0.07
  1237    49753   418274   16.02    9999   21.45    7.86    5.14     71   46.17    4479   32.45   18367    0.68    1.56   -0.03
  1238    49753   418274   17.03    9999   18.94    7.74    1.34     18   43.52    4451   32.23   18251    0.30    8.24    0.12
  1239    49753   418274   18.06    9999   17.53    7.70    0.53      7   42.05    4435   32.11   18184    0.18    4.42   -0.04
  1239    49753   418274   18.95    9999   16.71    7.68    0.35      4   41.23    4429   32.05   18156    0.12    4.34   -0.07
  1239    49753   418274   20.03    9999   16.50    7.67    0.25      3   40.99    4424   32.01   18137    0.18    4.21    0.03
  1240    49753   418274   21.05    9999   16.21    7.66    0.20      3   40.73    4424   32.02   18139    0.16    3.19   -0.05
  1240    49753   418274   21.99    9999   16.09    7.65    0.17      2   40.62    4425   32.02   18141    0.09    2.85    0.05
 -1213    50737   418392    0.98    9999   21.96    7.95    6.58     92   46.63    4477   32.43   18354    2.12    1.38    0.12
  1213    50737   418392    1.99    9999   21.96    7.95    6.59     92   46.63    4477   32.43   18353    1.98    1.34    0.06
  1214    50737   418392    3.04    9999   21.95    7.96    6.60     92   46.63    4477   32.43   18353    1.83    1.38    0.06
  1214    50737   418392    4.12    9999   21.97    7.96    6.60     92   46.64    4477   32.43   18353    1.68    1.45    0.11
  1215    50737   418392    5.01    9999   21.97    7.96    6.57     91   46.64    4477   32.43   18353    2.06    1.22    0.11
  1215    50737   418392    5.99    9999   21.97    7.95    6.56     91   46.65    4477   32.43   18354    1.83    1.34    0.01
  1215    50737   418392    6.99    9999   21.97    7.96    6.57     91   46.65    4477   32.43   18354    1.81    1.38    0.01
  1215    50737   418392    8.04    9999   21.97    7.96    6.60     92   46.65    4477   32.43   18354    1.95    1.11    0.11
  1216    50737   418392    9.01    9999   21.97    7.96    6.60     92   46.65    4477   32.44   18355    2.21    1.06    0.10
  1216    50737   418392    9.99    9999   21.97    7.96    6.60     92   46.65    4477   32.44   18355    2.06    1.25   -0.00
  1216    50737   418392   11.06    9999   21.97    7.96    6.60     92   46.65    4477   32.44   18355    1.81    1.30    0.15
  1217    50737   418392   12.01    9999   21.97    7.96    6.60     92   46.65    4477   32.44   18355    2.44    1.55    0.11
  1218    50737   418392   13.00    9999   21.68    7.91    5.80     80   46.36    4476   32.43   18352    1.35    1.44    0.02
  1218    50737   418392   13.98    9999   21.54    7.87    5.33     74   46.22    4475   32.42   18350    1.23    1.39   -0.13
  1219    50737   418392   15.00    9999   21.42    7.85    4.99     69   46.12    4477   32.43   18357    0.61    1.35    0.06
  1219    50737   418392   16.05    9999   20.87    7.79    3.82     52   45.52    4470   32.38   18328    0.66    1.17    0.01
  1220    50737   418392   17.04    9999   19.87    7.75    2.81     38   44.50    4463   32.32   18299    0.49    1.56   -0.07
  1221    50737   418392   18.03    9999   19.23    7.71    1.62     21   43.82    4455   32.26   18267    0.20    2.96    0.06
  1221    50737   418392   19.01    9999   18.45    7.68    0.59      8   43.02    4448   32.20   18236    0.22    6.60    0.06
  1221    50737   418392   19.98    9999   17.13    7.69    0.36      5   41.67    4435   32.10   18182    0.14    4.31   -0.13
  1222    50737   418392   20.96    9999   16.67    7.70    0.26      3   41.17    4426   32.03   18145    0.16    1.99   -0.00
  1222    50737   418392   22.01    9999   15.97    7.68    0.21      3   40.49    4423   32.01   18133    0.10    2.27   -0.07
  1223    50737   418392   23.00    9999   15.38    7.66    0.16      2   39.89    4416   31.95   18102    0.09    1.81    0.12
  1223    50737   418392   24.10    9999   15.20    7.65    0.14      2   39.73    4416   31.95   18104    0.13    1.61   -0.04
  1223    50737   418392   24.93    9999   15.11    7.64    0.12      1   39.62    4413   31.93   18091    0.13    1.38   -0.04
  1224    50737   418392   26.04    9999   14.99    7.63    0.10      1   39.50    4411   31.91   18081    0.02    1.12    0.00
  1224    50737   418392   26.95    9999   14.83    7.62    0.09      1   39.35    4410   31.90   18077    0.06    1.07    0.07
  1224    50737   418392   27.07    9999   14.84    7.62    0.09      1   39.35    4409   31.90   18075    0.35    1.10    0.03
  1225    50737   418392   27.91    9999   14.69    7.62    0.08      1   39.22    4410   31.90   18079    0.18    0.84   -0.04
 -1148    51701   418668    0.98    9999   22.02    7.96    6.96     97   46.69    4477   32.43   18353    2.19    1.33    0.21
  1148    51701   418668    1.96    9999   22.02    7.96    6.91     96   46.70    4476   32.43   18352    1.99    1.37    0.15
  1149    51701   418668    2.95    9999   22.02    7.96    6.90     96   46.69    4477   32.43   18353    2.08    1.21    0.06
  1149    51701   418668    3.98    9999   22.02    7.96    6.87     96   46.69    4477   32.43   18353    2.26    1.22    0.07
  1149    51701   418668    5.00    9999   22.02    7.95    6.83     95   46.70    4477   32.43   18354    2.13    1.25    0.17
  1150    51701   418668    5.97    9999   22.02    7.95    6.82     95   46.69    4477   32.43   18353    1.86    1.11    0.10
  1150    51701   418668    6.97    9999   22.01    7.94    6.76     94   46.69    4477   32.44   18355    1.85    1.07    0.12
  1150    51701   418668    7.96    9999   22.01    7.94    6.72     93   46.69    4477   32.43   18354    2.28    1.27    0.11
  1150    51701   418668    8.92    9999   22.01    7.94    6.68     93   46.69    4477   32.44   18356    1.86    1.21    0.01
  1151    51701   418668    9.99    9999   22.00    7.93    6.54     91   46.68    4477   32.44   18356    1.85    1.33    0.08
  1151    51701   418668   11.06    9999   21.99    7.92    6.48     90   46.67    4477   32.44   18356    1.86    1.42    0.08
  1152    51701   418668   12.01    9999   21.97    7.92    6.42     89   46.66    4477   32.44   18356    1.94    1.16    0.07
  1152    51701   418668   13.00    9999   21.95    7.92    6.37     89   46.63    4477   32.44   18355    1.53    1.33    0.09
  1152    51701   418668   14.06    9999   21.84    7.90    6.20     86   46.52    4477   32.43   18354    1.42    1.41   -0.03
  1153    51701   418668   15.01    9999   21.70    7.89    5.92     82   46.39    4476   32.43   18354    1.69    1.31    0.01
  1154    51701   418668   15.98    9999   21.23    7.81    4.79     66   45.92    4475   32.42   18352    0.80    1.55   -0.03
  1154    51701   418668   16.96    9999   20.92    7.77    3.75     51   45.54    4467   32.36   18313    0.72    1.29   -0.15
  1156    51701   418668   18.02    9999   19.83    7.70    2.47     33   44.48    4465   32.34   18309    0.25    1.16    0.00
  1157    51701   418668   19.02    9999   18.73    7.62    0.54      7   43.30    4450   32.22   18244    0.17    1.61    0.04
  1157    51701   418668   19.92    9999   17.02    7.67    0.34      4   41.53    4431   32.07   18166    0.13    3.90    0.03
  1158    51701   418668   21.04    9999   15.67    7.69    0.18      2   40.18    4418   31.97   18111    0.04    1.85   -0.08
  1159    51701   418668   21.96    9999   15.43    7.66    0.15      2   39.93    4415   31.94   18097    0.11    1.65   -0.00
  1159    51701   418668   22.89    9999   15.32    7.64    0.12      1   39.82    4413   31.93   18092    0.20    1.43   -0.03
  1200    51701   418668   23.98    9999   15.02    7.64    0.10      1   39.51    4410   31.91   18078    0.15    1.13   -0.07
  1200    51701   418668   24.92    9999   14.91    7.64    0.09      1   39.42    4409   31.90   18076    0.14    0.89    0.02
  1201    51701   418668   26.04    9999   14.74    7.63    0.08      1   39.24    4407   31.89   18067    0.05    0.65   -0.07
  1201    51701   418668   26.92    9999   14.64    7.62    0.07      1   39.15    4407   31.88   18065    0.11    0.62    0.02
  1202    51701   418668   27.93    9999   14.53    7.62    0.06      1   39.04    4406   31.88   18062    0.06    0.66    0.01
  1202    51701   418668   29.03    9999   14.35    7.61    0.05      1   38.88    4406   31.87   18061    0.08    0.50    0.04
  1203    51701   418668   30.10    9999   14.12    7.59    0.04      0   38.66    4405   31.87   18059    0.04    0.52    0.15
  1203    51701   418668   30.99    9999   13.95    7.58    0.03      0   38.51    4405   31.87   18059    0.11    0.45   -0.04
  1204    51701   418668   31.98    9999   13.89    7.57    0.02      0   38.45    4404   31.86   18057    0.13    0.46    0.12
  1205    51701   418668   33.06    9999   13.46    7.54    0.02      0   38.06    4404   31.86   18057    0.06    0.54    0.05
  1205    51701   418668   34.07    9999   13.02    7.53    0.01      0   37.66    4403   31.86   18056    0.15    0.46    0.03
  1206    51701   418668   34.98    9999   12.86    7.52   -0.00      0   37.51    4403   31.85   18055    0.14    0.57    0.07
 -1135    52967   420264    1.02    9999   21.75    7.92    6.30     87   46.43    4476   32.43   18352    1.49    1.20    0.05
  1135    52967   420264    1.96    9999   21.75    7.92    6.31     87   46.44    4476   32.43   18352    1.47    1.20    0.00
  1136    52967   420264    3.04    9999   21.76    7.92    6.32     88   46.44    4476   32.43   18352    1.39    1.21    0.09
  1136    52967   420264    4.06    9999   21.76    7.92    6.32     87   46.44    4476   32.43   18352    1.46    1.20    0.03
  1136    52967   420264    4.95    9999   21.75    7.92    6.32     88   46.43    4476   32.43   18353    1.43    1.16    0.05
  1137    52967   420264    6.00    9999   21.76    7.92    6.33     88   46.44    4476   32.43   18351    1.38    1.26    0.07
  1137    52967   420264    6.98    9999   21.76    7.92    6.24     86   46.44    4476   32.43   18354    1.30    1.19   -0.14
  1137    52967   420264    8.07    9999   21.76    7.92    6.23     86   46.44    4476   32.43   18353    1.45    1.16    0.06
  1138    52967   420264    9.07    9999   21.75    7.91    6.19     86   46.44    4477   32.43   18355    1.63    1.36    0.08
 -1123    53798   421055    0.97    9999   21.76    7.94    6.49     90   46.42    4474   32.42   18344    1.59    1.10    0.18
  1124    53798   421055    1.99    9999   21.77    7.94    6.48     90   46.43    4474   32.41   18344    1.59    1.16    0.14
  1124    53798   421055    2.95    9999   21.76    7.93    6.47     90   46.43    4475   32.42   18345    1.57    1.11    0.02
  1125    53798   421055    3.98    9999   21.76    7.93    6.45     89   46.42    4474   32.42   18344    1.99    1.19    0.01
  1125    53798   421055    4.94    9999   21.76    7.93    6.43     89   46.43    4475   32.42   18346    1.58    1.24    0.12
  1126    53798   421055    6.00    9999   21.76    7.93    6.43     89   46.43    4475   32.42   18345    1.67    1.09    0.09
  1126    53798   421055    7.06    9999   21.76    7.93    6.44     89   46.43    4475   32.42   18345    1.62    1.12    0.09
  1126    53798   421055    8.03    9999   21.76    7.93    6.45     89   46.43    4475   32.42   18345    1.55    1.16    0.12
  1127    53798   421055    8.99    9999   21.76    7.93    6.44     89   46.43    4475   32.42   18346    1.58    1.10    0.10
  1127    53798   421055    9.93    9999   21.76    7.93    6.42     89   46.43    4475   32.42   18347    1.67    1.14    0.06
  1127    53798   421055   10.97    9999   21.77    7.93    6.43     89   46.44    4475   32.42   18347    1.67    1.24    0.17
  1128    53798   421055   11.99    9999   21.76    7.93    6.42     89   46.43    4475   32.42   18347    1.63    1.34    0.10
  1128    53798   421055   13.03    9999   21.76    7.93    6.34     88   46.43    4475   32.42   18348    1.57    1.28    0.03
  1129    53798   421055   13.97    9999   21.44    7.81    4.83     67   46.23    4486   32.51   18400    0.78    1.53   -0.03
 -1110    55230   421349    1.02    9999   21.70    7.94    6.49     90   46.36    4474   32.41   18343    1.25    1.00   -0.03
  1111    55230   421349    1.96    9999   21.71    7.94    6.48     90   46.38    4474   32.41   18343    1.18    1.11    0.05
  1111    55230   421349    3.05    9999   21.70    7.94    6.47     90   46.37    4474   32.42   18344    1.39    1.06    0.12
  1111    55230   421349    4.08    9999   21.71    7.93    6.46     89   46.37    4474   32.41   18344    1.66    0.96    0.14
  1112    55230   421349    4.94    9999   21.71    7.93    6.46     89   46.37    4474   32.41   18342    1.69    0.96    0.02
  1112    55230   421349    6.02    9999   21.72    7.93    6.45     89   46.38    4474   32.41   18344    1.31    1.11    0.05
  1113    55230   421349    7.01    9999   21.72    7.93    6.45     89   46.38    4474   32.41   18342    2.01    1.09    0.04
  1113    55230   421349    8.04    9999   21.72    7.93    6.44     89   46.38    4475   32.42   18345    1.42    0.93    0.11
  1113    55230   421349    8.95    9999   21.72    7.94    6.44     89   46.38    4474   32.41   18343    1.83    1.13    0.13
  1114    55230   421349    9.96    9999   21.72    7.93    6.44     89   46.39    4474   32.41   18344    1.31    1.03    0.10
  1114    55230   421349   11.03    9999   21.73    7.93    6.44     89   46.39    4474   32.41   18343    1.42    1.04    0.06
  1114    55230   421349   11.96    9999   21.73    7.94    6.46     89   46.39    4475   32.42   18345    1.14    0.93    0.02
  1115    55230   421349   12.98    9999   21.73    7.94    6.47     90   46.39    4474   32.41   18344    1.24    0.99    0.01
  1115    55230   421349   13.99    9999   21.73    7.95    6.49     90   46.39    4474   32.42   18344    1.26    1.13    0.08
  1116    55230   421349   14.93    9999   21.73    7.95    6.51     90   46.40    4475   32.42   18345    1.40    1.15    0.04
 -1057    56303   420474    1.03    9999   21.66    7.92    6.34     88   46.33    4475   32.42   18347    1.29    0.98    0.06
  1058    56303   420474    1.95    9999   21.66    7.93    6.40     88   46.33    4475   32.42   18346    1.44    1.12    0.03
  1059    56303   420474    3.01    9999   21.67    7.93    6.39     88   46.34    4475   32.42   18346    1.33    0.98    0.03
  1059    56303   420474    3.92    9999   21.67    7.92    6.35     88   46.33    4474   32.41   18344    1.15    1.02    0.04
  1060    56303   420474    4.99    9999   21.67    7.92    6.36     88   46.34    4475   32.42   18345    1.21    1.23    0.02
  1100    56303   420474    5.96    9999   21.66    7.92    6.37     88   46.33    4475   32.42   18346    1.30    0.98    0.08
  1100    56303   420474    6.96    9999   21.67    7.93    6.39     88   46.33    4474   32.42   18345    1.52    1.09    0.06
  1101    56303   420474    8.01    9999   21.65    7.92    6.36     88   46.32    4475   32.42   18346    1.12    1.09    0.09
  1101    56303   420474    9.03    9999   21.66    7.92    6.32     87   46.33    4475   32.42   18348    1.16    1.12    0.07
  1102    56303   420474    9.98    9999   21.64    7.91    6.20     86   46.33    4476   32.43   18351    1.06    1.03   -0.05
  1102    56303   420474   11.03    9999   21.51    7.88    5.96     82   46.20    4476   32.43   18352    0.82    0.93    0.16
  1103    56303   420474   12.00    9999   21.43    7.84    5.44     75   46.16    4479   32.45   18366    0.63    0.93    0.00
  1103    56303   420474   13.00    9999   21.43    7.84    5.23     72   46.16    4479   32.45   18368    0.51    0.97   -0.04
 -1042    57624   418883    0.97    9999   22.17    7.98    6.64     93   46.84    4476   32.43   18350    2.14    1.16    0.05
  1043    57624   418883    1.96    9999   22.16    7.98    6.65     93   46.83    4476   32.43   18351    2.02    1.15    0.15
  1043    57624   418883    3.06    9999   22.17    7.98    6.66     93   46.83    4476   32.43   18350    2.08    1.13    0.23
  1043    57624   418883    4.01    9999   22.17    7.99    6.67     93   46.84    4476   32.43   18351    2.01    1.21    0.11
  1044    57624   418883    5.02    9999   22.17    7.99    6.65     93   46.83    4476   32.43   18350    1.94    1.18    0.12
  1044    57624   418883    5.99    9999   22.17    7.99    6.66     93   46.83    4476   32.43   18351    1.79    1.17    0.01
  1044    57624   418883    6.98    9999   22.15    7.99    6.67     93   46.81    4476   32.43   18351    1.93    1.19    0.15
  1045    57624   418883    7.96    9999   22.16    7.99    6.61     92   46.82    4476   32.43   18351    2.00    1.28    0.05
  1046    57624   418883    9.03    9999   21.92    7.96    6.33     88   46.60    4477   32.43   18355    1.53    1.02   -0.00
  1046    57624   418883    9.98    9999   21.77    7.92    5.99     83   46.47    4478   32.45   18362    1.48    0.91    0.09
  1046    57624   418883   10.99    9999   21.52    7.82    4.91     68   46.29    4484   32.49   18390    0.44    0.88    0.02
  1047    57624   418883   12.05    9999   21.38    7.81    4.69     65   46.18    4486   32.51   18402    0.28    0.88   -0.17
  1047    57624   418883   13.10    9999   21.33    7.80    4.46     61   46.14    4487   32.52   18406    0.26    1.18   -0.00
  1048    57624   418883   14.13    9999   21.31    7.80    4.31     59   46.13    4487   32.52   18406    0.28    1.15    0.02
 -1025    57975   417115    0.99    9999   22.07    7.89    5.74     80   46.74    4476   32.43   18351    1.34    1.02    0.06
  1026    57975   417115    2.00    9999   22.05    7.89    5.77     80   46.71    4476   32.42   18348    1.47    0.90   -0.04
  1027    57975   417115    2.95    9999   22.03    7.91    5.91     82   46.69    4475   32.42   18346    1.59    1.14   -0.02
  1027    57975   417115    4.08    9999   22.03    7.91    5.94     83   46.69    4475   32.42   18346    1.66    1.27    0.09
  1028    57975   417115    5.02    9999   22.03    7.90    5.96     83   46.69    4475   32.42   18346    1.76    0.99    0.11
  1028    57975   417115    6.09    9999   22.03    7.90    5.94     83   46.69    4475   32.42   18346    1.58    1.17    0.10
  1028    57975   417115    7.02    9999   22.03    7.91    5.90     82   46.68    4475   32.42   18343    1.66    1.12   -0.07
  1029    57975   417115    8.04    9999   22.03    7.91    5.96     83   46.68    4475   32.42   18345    1.77    0.99    0.11
  1029    57975   417115    8.97    9999   22.02    7.90    5.91     82   46.68    4475   32.42   18347    1.66    1.03    0.17
  1029    57975   417115   10.03    9999   22.02    7.88    5.77     80   46.69    4476   32.42   18348    1.34    0.85   -0.05
  1030    57975   417115   10.99    9999   21.85    7.84    5.40     75   46.58    4481   32.47   18375    0.98    0.72   -0.03
  1030    57975   417115   12.01    9999   21.79    7.80    4.57     63   46.50    4479   32.46   18367    0.73    0.72    0.01
  1030    57975   417115   12.95    9999   21.77    7.80    4.44     62   46.50    4481   32.47   18375    0.76    0.72    0.04
  1031    57975   417115   13.98    9999   21.70    7.81    4.46     62   46.44    4481   32.47   18377    0.72    0.76   -0.08
  1031    57975   417115   15.03    9999   21.64    7.80    4.45     61   46.39    4482   32.48   18381    0.46    0.79    0.06
  1032    57975   417115   16.08    9999   21.39    7.80    4.37     60   46.18    4486   32.51   18399    0.45    1.02    0.01
  1032    57975   417115   17.02    9999   21.44    7.80    4.31     59   46.21    4485   32.50   18394    0.27    0.82    0.01
 -1001    59119   414971    0.98    9999   22.41    7.99    6.54     92   46.94    4464   32.33   18292    2.50    1.00    0.23
  1001    59119   414971    2.06    9999   22.42    7.99    6.54     92   46.95    4465   32.33   18294    2.10    1.02    0.18
  1002    59119   414971    2.96    9999   22.43    7.99    6.52     91   46.97    4465   32.34   18298    2.00    1.05    0.13
  1002    59119   414971    4.02    9999   22.42    7.99    6.51     91   46.97    4466   32.35   18301    2.34    1.01    0.15
  1003    59119   414971    4.95    9999   22.42    7.99    6.51     91   46.97    4466   32.35   18302    2.64    0.94    0.12
  1003    59119   414971    6.12    9999   22.42    7.99    6.51     91   46.98    4467   32.35   18305    2.38    1.03    0.15
  1003    59119   414971    7.00    9999   22.42    7.99    6.50     91   46.98    4467   32.35   18305    2.52    1.08    0.16
  1004    59119   414971    8.03    9999   22.40    7.97    6.27     88   46.97    4468   32.36   18310    2.29    0.94    0.19
  1004    59119   414971    8.93    9999   22.38    7.96    6.25     88   46.97    4470   32.38   18318    2.36    1.08    0.22
  1005    59119   414971   10.02    9999   21.79    7.79    4.04     56   46.49    4477   32.44   18358    0.52    0.75   -0.02
  1006    59119   414971   11.03    9999   21.63    7.80    3.90     54   46.36    4480   32.46   18373    0.47    0.72    0.00
  1006    59119   414971   11.98    9999   21.62    7.80    3.85     53   46.35    4480   32.46   18373    0.53    0.74    0.02
  1006    59119   414971   13.05    9999   21.61    7.79    3.82     53   46.35    4481   32.47   18376    0.43    0.68   -0.06
  1007    59119   414971   14.03    9999   21.56    7.80    3.84     53   46.31    4482   32.48   18380    0.53    0.66    0.16
  1007    59119   414971   14.99    9999   21.52    7.80    3.89     54   46.29    4483   32.49   18388    0.48    0.69    0.05
  1008    59119   414971   15.95    9999   21.47    7.82    4.11     57   46.25    4485   32.50   18394    0.43    0.75   -0.09
  1008    59119   414971   16.99    9999   21.46    7.82    4.15     57   46.24    4485   32.50   18394    0.49    0.83    0.00
  1009    59119   414971   17.98    9999   21.36    7.81    4.09     56   46.16    4486   32.51   18401    0.30    0.98   -0.06
 -0932    61261   413029    0.96    9999   22.37    7.99    6.72     94   46.74    4449   32.21   18220    1.54    0.81   -0.02
  0933    61261   413029    1.94    9999   22.38    7.99    6.73     94   46.75    4449   32.21   18223    1.53    0.92    0.07
  0933    61261   413029    3.02    9999   22.38    7.99    6.73     94   46.75    4449   32.21   18222    1.62    0.84    0.05
  0934    61261   413029    3.96    9999   22.39    7.99    6.73     94   46.76    4450   32.21   18224    1.54    0.95    0.15
  0934    61261   413029    5.08    9999   22.37    7.99    6.71     94   46.75    4449   32.21   18223    1.69    0.76    0.10
  0934    61261   413029    6.03    9999   22.39    7.99    6.72     94   46.77    4450   32.21   18225    1.53    0.97    0.01
  0935    61261   413029    6.98    9999   22.38    7.99    6.73     94   46.76    4450   32.21   18224    1.55    0.88    0.13
  0935    61261   413029    8.05    9999   22.38    7.99    6.71     94   46.77    4450   32.22   18228    1.42    1.01    0.10
  0935    61261   413029    9.03    9999   22.39    7.99    6.70     94   46.77    4450   32.22   18225    1.54    0.94    0.09
 -0849    62334   412262    0.99    9999   22.30    7.96    6.40     89   46.61    4443   32.16   18195    1.17    0.79    0.19
  0850    62334   412262    1.93    9999   22.29    7.95    6.40     89   46.61    4444   32.16   18196    1.17    0.90    0.02
  0850    62334   412262    2.94    9999   22.29    7.96    6.40     89   46.61    4444   32.17   18197    1.39    0.85    0.00
  0850    62334   412262    4.08    9999   22.30    7.96    6.40     89   46.62    4443   32.16   18196    1.25    0.87   -0.05
  0851    62334   412262    5.06    9999   22.29    7.96    6.39     89   46.61    4443   32.16   18196    1.18    0.92    0.07
  0851    62334   412262    6.04    9999   22.29    7.96    6.41     90   46.61    4444   32.16   18196    1.65    0.82    0.21
  0852    62334   412262    6.98    9999   22.30    7.96    6.42     90   46.62    4444   32.17   18197    1.30    0.83    0.01
  0852    62334   412262    8.06    9999   22.30    7.96    6.42     90   46.62    4444   32.17   18198    1.18    0.87    0.06
  0852    62334   412262    8.99    9999   22.29    7.96    6.40     89   46.62    4445   32.17   18201    1.34    0.85    0.09
  0853    62334   412262   10.02    9999   22.27    7.96    6.34     89   46.65    4449   32.21   18222    0.97    0.90   -0.04
  0853    62334   412262   11.10    9999   22.24    7.97    6.11     85   46.70    4457   32.27   18260    0.88    0.59    0.01
  0854    62334   412262   12.06    9999   22.14    7.93    5.79     81   46.67    4462   32.32   18286    0.98    0.76    0.04
  0854    62334   412262   12.99    9999   21.71    7.80    4.16     58   46.41    4478   32.44   18360    0.60    0.86    0.08
  0855    62334   412262   14.05    9999   21.65    7.80    4.03     56   46.38    4480   32.46   18371    0.85    0.87    0.04
  0855    62334   412262   14.99    9999   21.47    7.79    3.88     54   46.25    4485   32.50   18395    0.52    1.08   -0.08
  0855    62334   412262   16.02    9999   21.40    7.77    3.57     49   46.19    4485   32.50   18395    0.36    0.97   -0.09
 -0829    65332   412081    1.01    9999   22.15    7.90    5.86     82   46.31    4428   32.04   18123    0.94    0.80   -0.04
  0830    65332   412081    2.04    9999   22.13    7.90    5.87     82   46.29    4428   32.04   18125    0.90    0.63    0.05
  0830    65332   412081    2.98    9999   22.15    7.90    5.89     82   46.30    4428   32.04   18123    0.88    0.68    0.03
  0830    65332   412081    4.05    9999   22.19    7.90    5.89     82   46.38    4431   32.06   18138    0.92    0.71   -0.06
  0830    65332   412081    5.02    9999   22.23    7.91    5.93     83   46.45    4435   32.09   18155    1.04    0.74    0.02
  0831    65332   412081    6.02    9999   22.29    7.92    6.00     84   46.58    4442   32.15   18187    0.99    0.74    0.05
  0831    65332   412081    6.97    9999   22.30    7.92    6.04     84   46.62    4444   32.17   18200    1.01    0.75    0.02
  0832    65332   412081    8.05    9999   22.29    7.92    6.04     84   46.64    4446   32.18   18208    0.95    0.56    0.03
  0832    65332   412081    9.00    9999   22.28    7.92    6.01     84   46.65    4448   32.20   18216    0.86    0.66    0.05
  0832    65332   412081   10.00    9999   22.27    7.92    5.97     83   46.63    4447   32.19   18213    0.91    0.73    0.00
  0833    65332   412081   10.95    9999   22.28    7.92    5.96     83   46.65    4448   32.20   18218    1.01    0.64   -0.07
  0833    65332   412081   12.04    9999   22.34    7.92    5.89     82   46.77    4455   32.25   18248    0.87    0.66    0.04
  0834    65332   412081   12.96    9999   22.34    7.92    5.85     82   46.77    4455   32.26   18249    0.97    0.67    0.04
  0835    65332   412081   14.02    9999   22.27    7.91    5.72     80   46.71    4455   32.26   18250    0.91    0.75   -0.08
 -0819    66421   411604    0.99    9999   21.96    7.87    5.89     82   45.85    4401   31.82   17998    1.07    0.86    0.11
  0820    66421   411604    2.00    9999   21.94    7.87    5.82     81   45.83    4401   31.82   17997    0.93    0.77    0.04
  0820    66421   411604    3.06    9999   21.97    7.87    5.82     81   45.89    4404   31.84   18011    1.09    0.79    0.03
  0821    66421   411604    4.01    9999   22.00    7.88    5.84     81   45.94    4406   31.86   18023    1.07    0.85    0.05
  0821    66421   411604    4.99    9999   22.01    7.88    5.86     81   45.97    4408   31.88   18030    1.05    0.78   -0.03
  0821    66421   411604    5.97    9999   22.00    7.88    5.88     82   45.97    4409   31.88   18036    1.12    0.66   -0.05
  0822    66421   411604    6.99    9999   22.05    7.89    5.79     81   46.22    4429   32.05   18128    0.84    0.73    0.05
  0822    66421   411604    8.00    9999   22.11    7.89    5.73     80   46.32    4433   32.08   18148    0.87    0.61    0.06
 -0809    67363   411378    0.95    9999   22.01    7.88    6.20     86   45.77    4389   31.72   17942    1.15    0.96    0.12
  0810    67363   411378    2.02    9999   22.00    7.88    6.20     86   45.76    4389   31.72   17942    1.45    0.79   -0.05
  0810    67363   411378    2.96    9999   22.01    7.87    6.21     86   45.76    4389   31.72   17940    1.27    0.90    0.06
  0810    67363   411378    4.00    9999   22.01    7.87    6.18     86   45.77    4389   31.72   17942    1.19    0.83    0.08
  0811    67363   411378    4.99    9999   22.01    7.87    6.12     85   45.77    4390   31.73   17945    1.17    0.76    0.07
  0811    67363   411378    5.99    9999   22.02    7.83    5.79     80   45.91    4401   31.82   17998    1.11    0.71    0.06
  0811    67363   411378    7.01    9999   22.05    7.84    5.66     79   45.98    4406   31.86   18021    1.04    0.70    0.03
  0812    67363   411378    8.08    9999   22.06    7.84    5.65     78   46.03    4409   31.89   18037    0.88    0.77   -0.07
  0812    67363   411378    9.03    9999   22.08    7.86    5.70     79   46.12    4416   31.94   18070    0.95    0.73   -0.03
  0812    67363   411378    9.92    9999   21.99    7.86    5.73     80   46.07    4419   31.97   18084    0.97    0.58    0.10
  0813    67363   411378   10.96    9999   22.01    7.84    5.54     77   46.15    4426   32.02   18115    1.13    0.57    0.09
  0813    67363   411378   11.93    9999   21.99    7.80    4.75     66   46.27    4439   32.13   18178    1.32    0.77   -0.02
 -0757    68849   411247    1.01    9999   21.85    7.87    6.38     88   44.65    4296   30.97   17508    1.41    1.12    0.12
  0757    68849   411247    2.01    9999   21.90    7.86    6.31     87   45.20    4344   31.36   17733    1.42    1.05    0.10
  0758    68849   411247    2.96    9999   21.88    7.87    6.28     87   44.97    4324   31.20   17639    1.33    1.03    0.09
  0758    68849   411247    4.07    9999   21.88    7.87    6.27     87   45.28    4353   31.43   17774    1.32    0.98    0.05
  0758    68849   411247    4.96    9999   21.92    7.86    6.28     87   45.43    4365   31.53   17828    1.34    0.92    0.12
  0759    68849   411247    6.01    9999   21.99    7.84    5.95     83   45.72    4386   31.70   17928    0.91    0.88    0.08
  0759    68849   411247    6.97    9999   22.00    7.84    5.82     81   45.79    4391   31.74   17953    0.99    0.98    0.06
  0800    68849   411247    7.99    9999   21.99    7.83    5.65     78   45.90    4403   31.83   18007    0.96    0.97    0.06
  0801    68849   411247    9.03    9999   21.98    7.82    5.28     73   45.95    4409   31.89   18036    1.05    1.05    0.10
 -0750    69246   410990    1.03    9999   21.84    7.86    6.34     87   44.48    4280   30.85   17434    1.32    1.07    0.14
  0751    69246   410990    2.00    9999   21.83    7.86    6.31     87   44.42    4275   30.80   17409    1.26    1.04    0.16
  0752    69246   410990    2.99    9999   21.75    7.85    6.22     85   44.64    4304   31.04   17548    1.18    1.02    0.11
  0752    69246   410990    3.97    9999   21.72    7.84    6.12     84   44.72    4314   31.12   17592    1.26    1.11    0.03
  0752    69246   410990    4.97    9999   21.68    7.80    5.84     80   45.03    4347   31.38   17747    0.84    0.94    0.06
