# MEETVAARTUIG         : MILIEUCONTAINER
# MEETDATUM            : 08-07-2026 12:00:36
# MEETGEBIED           : ZEELAND
# STARTPUNT            : GTS BEGIN
# EINDPUNT             : GTS EIND
# PROJECTCODE          : GTS-VERTIKALEN
# OPDRACHTGEVER        : WVL
# BEHEERDER            : MOBIEL METEN
# BEMONST. INST        : []
# WAARNEMER(S)         : Damen
#
* 20260708
$ 9999 [00000000000000000000]
>TIJD       uumm                         
>X          coordinaat                   
>Y          coordinaat                   
>SENSHTE    Diepte set           m       
>Echms      Echoset              mtrs    
>Temp       Temperatuur          oC      
>pH         Zuurgraad            pH      
>O2         Zuurstof             mg/l    
>%O2        Zuurstof%            %       
>GELBH      Geleidendheid        mS/cm   
>GELDHD     Geleidendheid        ???     
>SALNTT     Saliniteit           dimsl   
>CL-        Chloride             mg/l    
>CHLFRFU    Chlorofyl            RFU     
>TROEBHFNU  Troebelheid          FNU     
>PHYCOUGL   Phycocyanine         ug/l    
 -1200    47530   418815    1.04    5.22   21.83    7.98    7.25     99   45.65    4394   31.76   17966    1.76    0.72    0.25
  1201    47530   418815    2.07    9.02   21.88    7.99    7.17     98   45.85    4408   31.88   18033    1.82    0.99    0.07
  1201    47530   418815    2.99    8.45   21.81    7.99    7.10     97   46.78    4504   32.66   18485    1.57    2.83    0.14
  1202    47530   418815    4.03    7.70   21.79    7.99    7.04     96   47.04    4532   32.88   18614    1.28    3.26    0.03
  1202    47530   418815    5.03    6.75   21.79    7.99    7.03     96   47.05    4532   32.89   18617    1.67    3.20    0.17
  1202    47530   418815    6.03    5.74   21.78    7.99    7.02     96   47.12    4540   32.95   18651    1.18    3.27    0.00
  1203    47530   418815    6.98    4.78   21.78    7.99    7.01     96   47.15    4543   32.97   18665    0.99    3.30    0.12
  1203    47530   418815    7.97    3.75   21.77    7.99    7.00     96   47.19    4547   33.00   18685    1.26    3.04   -0.00
  1203    47530   418815    9.00    2.72   21.76    7.99    6.98     96   47.26    4554   33.06   18721    1.14    4.30    0.00
  1203    47530   418815   10.00    1.66   21.76    7.99    6.96     95   47.26    4555   33.07   18723    1.28    3.87    0.01
  1204    47530   418815   11.03    0.50   21.76    7.99    6.96     95   47.26    4556   33.07   18726    1.32    4.12    0.04
 -1207    47948   418373    1.07   15.16   22.02    8.02    7.61    104   45.78    4389   31.72   17942    1.96    0.82    0.04
  1208    47948   418373    2.10   14.23   21.99    8.02    7.62    104   45.76    4389   31.73   17944    1.98    0.76    0.25
  1208    47948   418373    3.02    0.58   21.93    8.02    7.63    104   45.70    4390   31.73   17945    2.18    0.80    0.09
  1208    47948   418373    4.00   12.78   21.81    8.01    7.52    102   45.63    4394   31.76   17965    2.05    0.90   -0.00
  1209    47948   418373    4.94   12.20   21.69    7.97    7.21     98   45.58    4399   31.81   17992    2.09    0.81    0.07
  1209    47948   418373    6.02   11.17   21.61    7.91    6.50     88   45.54    4404   31.84   18013    1.99    0.68    0.03
  1209    47948   418373    7.03   10.13   21.60    7.92    6.19     84   45.88    4436   32.11   18167    1.35    1.38    0.06
  1210    47948   418373    8.03    9.18   21.59    7.93    6.32     86   45.99    4449   32.21   18223    1.48    2.27    0.13
  1210    47948   418373    9.01    8.36   21.45    7.92    6.28     85   45.97    4460   32.30   18277    1.23    2.61    0.05
  1210    47948   418373   10.04    7.62   21.06    7.88    5.63     76   45.64    4463   32.32   18294    1.09    2.23    0.11
  1211    47948   418373   11.03    7.08   20.77    7.83    5.01     67   45.25    4453   32.24   18249    0.88    1.27    0.09
  1211    47948   418373   12.01    6.11   20.35    7.78    4.22     56   44.97    4464   32.33   18301    0.79    1.00    0.06
  1212    47948   418373   12.95    5.21   18.65    7.62    2.27     29   43.14    4440   32.14   18201    0.46    0.99    0.13
  1212    47948   418373   14.06    3.91   17.74    7.56    1.60     20   42.16    4427   32.04   18145    0.09    0.68    0.02
  1213    47948   418373   15.09    2.88   16.96    7.49    0.72      9   41.39    4421   31.99   18118    0.10    0.70   -0.17
  1214    47948   418373   16.01    1.96   15.27    7.47    0.30      4   39.74    4410   31.90   18075    0.19    1.55    0.06
  1214    47948   418373   17.04    1.26   14.66    7.46    0.24      3   39.22    4413   31.93   18093    0.06    1.09    0.09
  1214    47948   418373   18.11    0.40   14.09    7.45    0.21      3   38.70    4411   31.92   18088    0.05    0.76    0.12
 -1224    48768   418195    1.00   43.42   22.10    8.02    7.58    104   45.81    4384   31.68   17918    2.15    0.90    0.22
  1224    48768   418195    2.03   42.60   22.10    8.02    7.58    104   45.80    4384   31.68   17918    2.22    0.72    0.16
  1225    48768   418195    3.01   41.92   22.06    8.02    7.58    104   45.76    4384   31.68   17918    2.46    0.92    0.03
  1225    48768   418195    4.00   40.90   22.04    8.02    7.53    103   45.75    4385   31.69   17923    2.27    0.72    0.36
  1227    48768   418195    5.05   40.09   21.61    7.92    6.47     88   45.53    4403   31.84   18009    2.41    0.77    0.06
  1228    48768   418195    6.02   38.95   21.54    7.90    6.11     83   45.46    4402   31.83   18004    1.84    0.80   -0.01
  1228    48768   418195    6.93   38.36   21.16    7.83    5.23     70   45.21    4412   31.91   18056    1.69    0.73    0.20
  1229    48768   418195    8.08   36.95   21.40    7.88    5.45     74   45.77    4445   32.18   18209    1.26    1.50   -0.04
  1229    48768   418195    8.99   36.05   21.45    7.92    6.05     82   45.97    4459   32.29   18273    1.46    1.72    0.08
  1229    48768   418195    9.94   35.07   21.15    7.90    5.99     81   45.82    4473   32.40   18339    1.44    2.19    0.05
  1230    48768   418195   11.00   33.61   20.23    7.79    4.45     59   44.84    4462   32.31   18293    0.91    1.48   -0.11
  1230    48768   418195   12.03   32.67   19.54    7.71    3.37     44   44.05    4448   32.21   18234    0.31    0.95    0.11
  1231    48768   418195   13.03   31.68   18.70    7.65    2.74     35   43.25    4448   32.21   18235    0.39    0.75    0.15
  1231    48768   418195   14.02   30.70   18.02    7.57    1.75     22   42.42    4426   32.03   18137    0.18    0.61   -0.16
  1232    48768   418195   15.01   30.01   17.63    7.54    1.45     18   42.06    4427   32.04   18144    0.18    0.74   -0.08
  1232    48768   418195   16.06   28.80   16.99    7.50    0.83     10   41.34    4412   31.92   18079    0.25    0.60    0.09
  1233    48768   418195   17.03   27.66   15.86    7.49    0.46      6   40.30    4412   31.92   18084    0.22    2.38    0.01
  1233    48768   418195   18.00   27.22   14.99    7.48    0.28      3   39.45    4406   31.87   18057    0.16    1.74   -0.04
  1233    48768   418195   18.95   25.71   14.36    7.47    0.25      3   38.98    4417   31.96   18114    0.12    1.15   -0.08
  1234    48768   418195   19.99   24.69   14.10    7.46    0.21      3   38.70    4411   31.91   18087    0.09    0.98    0.21
  1234    48768   418195   21.15   23.52   13.83    7.46    0.19      2   38.44    4409   31.90   18080    0.03    0.76    0.02
  1234    48768   418195   21.99   22.65   13.73    7.45    0.18      2   38.33    4407   31.89   18072    0.07    0.71    0.02
  1235    48768   418195   22.97   21.67   13.60    7.45    0.16      2   38.26    4412   31.93   18095    0.12    0.68    0.03
  1235    48768   418195   23.95   20.86   13.49    7.44    0.15      2   38.12    4407   31.89   18073    0.05    0.64    0.17
  1236    48768   418195   25.01   19.48   13.46    7.44    0.14      2   38.10    4408   31.89   18075    0.03    0.61    0.01
  1236    48768   418195   26.10   18.46   13.31    7.44    0.13      2   37.96    4408   31.89   18076    0.05    0.56    0.09
  1236    48768   418195   27.03   17.73   13.28    7.43    0.13      1   37.93    4408   31.89   18075    0.01    0.56    0.06
  1237    48768   418195   28.03   16.67   13.23    7.43    0.13      1   37.89    4408   31.90   18079    0.12    0.50    0.09
  1237    48768   418195   28.98   15.71   13.01    7.43    0.12      1   37.70    4409   31.90   18082    0.04    0.48   -0.00
  1237    48768   418195   29.94   14.54   12.74    7.41    0.12      1   37.51    4414   31.94   18107    0.09    0.51    0.10
  1238    48768   418195   31.00   13.52   12.14    7.40    0.11      1   36.98    4410   31.91   18093    0.14    0.46    0.08
  1238    48768   418195   32.06   12.40   10.74    7.32    0.10      1   35.75    4416   31.96   18127    0.09    0.46    0.11
  1238    48768   418195   33.02   11.47    9.67    7.26    0.09      1   34.92    4429   32.07   18192    0.11    0.40    0.14
  1239    48768   418195   33.97   10.50    9.23    7.23    0.09      1   34.50    4425   32.03   18172    0.07    0.49    0.17
  1239    48768   418195   35.06    9.83    9.12    7.21    0.09      1   34.39    4423   32.02   18165    0.07    0.66    0.07
  1239    48768   418195   35.91    9.81    9.06    7.20    0.08      1   34.33    4422   32.01   18161    0.07    0.35    0.10
  1240    48768   418195   37.09    7.50    8.96    7.19    0.08      1   34.24    4421   32.00   18156    0.05    0.39    0.24
  1240    48768   418195   37.92    6.65    8.95    7.19    0.08      1   34.24    4422   32.01   18161   -0.00    0.43    0.28
  1241    48768   418195   38.74    5.78    8.93    7.19    0.07      1   34.21    4422   32.01   18159    0.09    0.51    0.10
  1241    48768   418195   39.01    5.63    8.92    7.18    0.07      1   34.21    4422   32.02   18162    0.06    0.76    0.34
  1242    48768   418195   39.96    4.54    8.88    7.18    0.07      1   34.18    4423   32.02   18165    0.11    0.34    0.09
 -1139    49772   418269    1.12   18.42   22.03    8.01    7.34    100   45.69    4379   31.64   17896    2.04    0.73    0.05
  1139    49772   418269    2.05   19.42   21.99    8.01    7.34    100   45.65    4379   31.64   17896    2.28    0.71    0.10
  1140    49772   418269    3.01   19.55   21.96    8.00    7.25     99   45.65    4382   31.67   17909    2.61    0.76    0.12
  1140    49772   418269    4.01   18.91   21.95    8.00    7.21     98   45.66    4383   31.68   17916    2.19    0.78    0.02
  1140    49772   418269    4.92   19.51   21.96    7.99    7.15     98   45.70    4387   31.70   17931    1.80    0.63    0.12
  1141    49772   418269    6.06   18.98   21.85    7.97    7.03     96   45.67    4394   31.76   17965    2.10    0.72    0.21
  1141    49772   418269    7.02   15.85   21.63    7.92    6.34     86   45.45    4392   31.75   17961    2.50    0.63    0.19
  1141    49772   418269    8.07   11.99   21.67    7.92    6.37     87   45.56    4399   31.81   17991    2.15    0.77    0.24
  1142    49772   418269    8.97   10.00   21.02    7.81    5.01     67   45.05    4409   31.89   18041    1.39    0.46    0.22
  1143    49772   418269   10.08    9.94   20.80    7.80    4.78     64   45.12    4436   32.11   18169    0.77    0.73    0.02
  1143    49772   418269   11.04    9.19   20.65    7.80    4.63     62   45.04    4443   32.16   18202    0.83    0.53    0.07
  1144    49772   418269   12.01    9.31   19.51    7.70    3.35     44   44.01    4447   32.20   18227    0.40    0.78   -0.13
  1144    49772   418269   13.04    9.87   18.49    7.60    2.15     28   42.89    4430   32.06   18153    0.34    0.74   -0.11
  1145    49772   418269   13.86   12.02   17.93    7.55    1.56     20   42.29    4422   31.99   18118    0.70    0.80   -0.11
  1145    49772   418269   14.92   11.18   17.52    7.54    1.34     17   41.89    4420   31.98   18111    0.22    0.72    0.30
  1146    49772   418269   16.07   10.18   15.79    7.49    0.53      6   40.27    4416   31.95   18103    0.17    2.82   -0.06
  1146    49772   418269   16.98    9.24   15.48    7.49    0.33      4   39.96    4413   31.93   18090    0.08    2.43    0.14
  1146    49772   418269   17.95    8.20   14.98    7.48    0.25      3   39.52    4414   31.94   18099    0.10    1.79    0.01
  1147    49772   418269   18.98    7.19   14.57    7.47    0.21      2   39.10    4409   31.90   18074    0.07    1.55   -0.07
  1147    49772   418269   20.00    6.17   14.33    7.46    0.19      2   38.89    4409   31.90   18075    0.10    1.20    0.05
  1147    49772   418269   20.95    4.95   13.99    7.46    0.17      2   38.57    4409   31.90   18077    0.06    0.96    0.11
  1148    49772   418269   21.97    3.50   13.94    7.45    0.16      2   38.53    4408   31.89   18073    0.09    0.94   -0.02
  1148    49772   418269   23.02    2.23   13.89    7.45    0.14      2   38.48    4408   31.89   18072    0.02    0.89    0.04
  1148    49772   418269   23.85    0.27   13.76    7.45    0.14      2   38.38    4409   31.89   18077    0.06    0.77    0.03
 -1120    50798   418393    1.03   28.67   22.06    8.01    7.36    101   45.69    4378   31.63   17889    2.52    0.74    0.00
  1121    50798   418393    2.04   27.77   22.03    8.01    7.36    101   45.68    4378   31.64   17891    2.33    0.79    0.19
  1121    50798   418393    3.01   26.52   21.99    8.01    7.31    100   45.65    4379   31.64   17895    2.19    0.79    0.08
  1121    50798   418393    4.04   25.60   21.97    7.99    7.15     98   45.63    4379   31.65   17898    2.11    0.56    0.06
  1122    50798   418393    4.97   24.60   21.96    7.97    6.89     94   45.64    4380   31.65   17902    2.04    0.57    0.09
  1122    50798   418393    5.97   23.09   21.91    7.94    6.43     88   45.61    4382   31.67   17910    1.58    0.57    0.13
  1122    50798   418393    7.03   22.12   21.80    7.93    6.38     87   45.61    4392   31.75   17960    2.19    0.68   -0.10
  1123    50798   418393    8.01   21.31   21.11    7.82    5.11     69   45.03    4399   31.80   17993    1.38    0.59    0.05
  1123    50798   418393    9.01   20.15   21.01    7.81    4.91     66   45.05    4411   31.90   18049    1.40    0.70    0.01
  1123    50798   418393    9.97   18.98   20.90    7.81    4.83     65   45.16    4431   32.07   18147    0.98    0.68   -0.08
  1124    50798   418393   11.02   17.78   20.61    7.79    4.58     61   45.05    4447   32.19   18220    0.93    0.57   -0.07
  1124    50798   418393   11.97   16.78   19.53    7.69    3.21     42   44.00    4444   32.17   18213    0.26    0.65   -0.08
  1125    50798   418393   13.07   15.63   18.93    7.63    2.46     32   43.32    4432   32.07   18159    0.42    0.76   -0.10
  1125    50798   418393   14.00   14.56   18.13    7.56    1.87     24   42.52    4426   32.03   18138    0.13    0.69    0.06
  1126    50798   418393   15.00   13.62   17.48    7.52    1.41     18   41.84    4418   31.96   18101    0.13    0.65   -0.16
  1126    50798   418393   16.04   12.82   16.18    7.47    0.57      7   40.74    4429   32.05   18160    0.01    0.85   -0.15
  1127    50798   418393   17.02   12.00   15.53    7.49    0.29      4   39.99    4411   31.92   18082    0.02    3.06    0.12
  1127    50798   418393   18.04   11.08   14.81    7.48    0.22      3   39.35    4413   31.93   18091    0.11    1.82    0.01
  1127    50798   418393   19.08   10.17   14.51    7.47    0.20      2   39.05    4409   31.90   18075    0.05    1.33    0.04
  1128    50798   418393   20.03    9.23   14.43    7.47    0.18      2   38.95    4406   31.87   18062    0.12    1.24   -0.04
  1128    50798   418393   20.95    8.70   14.07    7.46    0.16      2   38.65    4408   31.89   18073    0.07    0.85    0.08
  1129    50798   418393   21.98    7.37   13.95    7.46    0.15      2   38.53    4407   31.89   18071    0.04    0.66    0.03
  1129    50798   418393   22.98    6.47   13.90    7.45    0.14      2   38.49    4408   31.89   18074    0.00    0.63    0.17
  1129    50798   418393   23.93    5.52   13.69    7.45    0.13      1   38.30    4408   31.89   18076    0.00    0.57   -0.02
  1130    50798   418393   25.13    4.62   13.64    7.45    0.11      1   38.25    4407   31.88   18068    0.09    0.61    0.13
  1130    50798   418393   26.08    3.66   13.40    7.45    0.11      1   38.05    4410   31.91   18084    0.12    0.45    0.16
  1131    50798   418393   27.00    2.85   13.25    7.45    0.10      1   37.91    4408   31.89   18078    0.05    0.43    0.13
  1131    50798   418393   28.03    1.87   13.18    7.44    0.10      1   37.85    4408   31.89   18079    0.06    0.42    0.01
  1133    50798   418393   28.98    0.42   13.06    7.44    0.09      1   37.73    4407   31.88   18073    0.11    0.38    0.18
 -1058    51681   418693    1.04   35.17   22.07    8.01    7.34    100   45.72    4379   31.64   17896    2.09    0.62    0.14
  1059    51681   418693    1.98   34.55   22.06    8.01    7.34    100   45.71    4379   31.64   17896    2.24    0.69    0.21
  1059    51681   418693    3.05   33.71   22.05    8.01    7.29    100   45.71    4380   31.65   17898    2.15    0.67    0.32
  1059    51681   418693    4.03   32.79   22.03    8.00    7.21     98   45.70    4381   31.65   17902    1.99    0.83    0.15
  1059    51681   418693    4.96   32.81   22.02    7.99    7.07     97   45.69    4380   31.65   17900    1.74    0.78    0.01
  1100    51681   418693    6.03   31.83   22.02    7.99    6.97     95   45.69    4380   31.65   17902    1.85    0.70    0.09
  1100    51681   418693    7.09   30.72   21.90    7.95    6.72     92   45.66    4389   31.72   17941    2.32    0.69    0.15
  1101    51681   418693    7.99   29.57   21.52    7.90    6.20     84   45.44    4401   31.82   18003    2.18    0.81    0.03
  1101    51681   418693    9.02   28.16   20.85    7.76    4.39     59   45.01    4421   31.99   18100    1.45    0.61    0.05
  1101    51681   418693    9.91   26.93   20.41    7.76    4.16     55   44.85    4447   32.19   18221    0.56    0.70   -0.00
  1102    51681   418693   11.04   25.43   19.95    7.71    3.61     48   44.39    4443   32.17   18209    0.80    0.70   -0.12
  1102    51681   418693   11.96   24.22   19.62    7.69    3.31     43   44.09    4444   32.17   18214    0.34    0.59   -0.24
  1103    51681   418693   13.05   22.60   19.14    7.63    2.58     34   43.56    4437   32.11   18181    0.46    0.77    0.07
  1103    51681   418693   13.96   20.71   18.62    7.59    2.18     28   43.00    4430   32.06   18152    0.20    0.82    0.05
  1104    51681   418693   15.01   19.10   18.13    7.54    1.71     22   42.48    4421   31.99   18114    0.22    0.69    0.04
  1104    51681   418693   16.07   15.41   16.73    7.47    0.79     10   41.14    4416   31.95   18099    0.10    0.63   -0.07
  1105    51681   418693   17.06   12.59   15.42    7.47    0.33      4   39.96    4419   31.98   18117    0.09    2.37   -0.01
  1105    51681   418693   17.91   11.06   14.83    7.48    0.27      3   39.46    4420   31.98   18125    0.04    1.84    0.03
  1106    51681   418693   19.05    8.47   14.21    7.46    0.21      2   38.80    4411   31.92   18088    0.05    1.13    0.03
  1106    51681   418693   19.94    6.16   14.10    7.46    0.19      2   38.69    4410   31.91   18083    0.13    1.00    0.05
  1106    51681   418693   21.00    3.89   14.00    7.46    0.17      2   38.59    4409   31.90   18079    0.07    0.92    0.03
  1110    51681   418693   22.13   15.74   13.80    7.46    0.15      2   38.43    4411   31.91   18087    0.06    0.74   -0.00
  1110    51681   418693   23.04   14.63   13.70    7.46    0.13      2   38.34    4412   31.92   18092    0.13    0.66    0.04
  1110    51681   418693   24.03   13.38   13.62    7.45    0.12      1   38.25    4409   31.90   18079    0.03    0.62    0.09
  1111    51681   418693   24.99   11.56   13.55    7.46    0.11      1   38.18    4408   31.89   18077    0.13    0.57    0.11
  1111    51681   418693   25.97   10.33   13.52    7.46    0.10      1   38.15    4408   31.89   18076    0.03    0.54    0.13
  1112    51681   418693   26.94   10.31   13.42    7.46    0.10      1   38.05    4407   31.88   18072    0.05    0.51    0.13
  1112    51681   418693   28.09    7.96   13.36    7.46    0.10      1   38.01    4408   31.89   18078    0.05    0.49    0.03
  1112    51681   418693   29.03    8.03   13.27    7.46    0.10      1   37.94    4409   31.90   18080    0.13    0.45    0.03
  1113    51681   418693   29.98    7.03   13.13    7.45    0.09      1   37.81    4408   31.89   18075    0.14    0.36    0.13
  1113    51681   418693   31.10    6.20   12.72    7.44    0.09      1   37.46    4410   31.91   18090    0.09    0.41    0.17
  1113    51681   418693   32.06    4.21   12.41    7.43    0.09      1   37.16    4408   31.89   18079    0.04    0.33    0.09
  1114    51681   418693   33.00    3.41   11.84    7.42    0.08      1   36.73    4417   31.97   18127    0.00    0.39    0.02
  1114    51681   418693   34.09    2.54   11.61    7.38    0.08      1   36.47    4411   31.92   18100    0.01    0.43    0.17
  1114    51681   418693   35.16    1.87   11.41    7.37    0.07      1   36.27    4407   31.89   18081    0.05    0.38    0.14
  1115    51681   418693   35.87    1.10   11.34    7.35    0.07      1   36.18    4404   31.87   18068    0.05    0.38    0.27
  1115    51681   418693   36.00    1.02   11.35    7.36    0.07      1   36.20    4405   31.87   18071    0.04    0.48    0.06
 -1046    52986   420322    1.06    9.88   22.09    8.02    7.21     99   45.72    4377   31.63   17885    1.83    0.43    0.03
  1046    52986   420322    1.98    8.94   22.08    8.02    7.19     98   45.71    4377   31.63   17886    1.91    0.54    0.26
  1047    52986   420322    3.11    7.79   22.06    8.01    7.19     98   45.70    4378   31.63   17889    1.70    0.51    0.04
  1047    52986   420322    3.98    6.95   22.03    8.01    7.18     98   45.69    4379   31.64   17896    1.80    0.52    0.11
  1047    52986   420322    5.09    5.85   21.96    8.01    7.21     98   45.64    4381   31.66   17906    1.98    0.65    0.08
  1048    52986   420322    5.96    4.97   21.94    8.00    7.20     98   45.61    4381   31.66   17904    1.96    0.63    0.05
  1048    52986   420322    7.06    3.89   21.92    8.00    7.17     98   45.59    4380   31.65   17902    1.86    0.67    0.26
  1048    52986   420322    7.98    2.97   21.91    8.00    7.14     97   45.59    4380   31.65   17902    1.82    0.73   -0.04
  1049    52986   420322    9.05    1.97   21.84    7.96    6.36     87   45.53    4382   31.66   17909    2.14    1.35    0.19
  1049    52986   420322    9.95    0.96   20.94    7.73    3.87     52   44.79    4391   31.74   17959    1.46    0.80   -0.13
 -1035    53820   421088    1.00   15.98   22.20    8.02    7.14     98   45.81    4375   31.61   17878    1.78    0.53    0.18
  1035    53820   421088    1.98   15.05   22.18    8.02    7.13     98   45.79    4375   31.61   17878    1.59    0.53    0.09
  1035    53820   421088    2.98   14.08   22.17    8.02    7.13     98   45.78    4375   31.61   17878    1.72    0.57   -0.00
  1036    53820   421088    3.99   13.11   22.16    8.02    7.14     98   45.77    4376   31.62   17879    1.99    0.45    0.10
  1036    53820   421088    5.06   12.02   22.09    8.01    7.08     97   45.73    4378   31.63   17890    2.16    0.75    0.11
  1036    53820   421088    6.00   11.05   22.05    8.00    6.96     95   45.70    4379   31.64   17893    2.22    0.80    0.03
  1037    53820   421088    7.02   10.10   21.99    7.99    6.93     95   45.66    4381   31.66   17903    2.03    0.71    0.10
  1037    53820   421088    8.02    8.98   21.80    7.93    6.34     86   45.48    4380   31.65   17902    2.36    0.67    0.03
  1037    53820   421088    8.98    8.05   21.66    7.91    6.01     82   45.35    4380   31.65   17902    1.91    0.69    0.09
  1038    53820   421088    9.91    7.02   21.49    7.87    5.54     75   45.21    4382   31.66   17910    1.54    0.86    0.03
  1038    53820   421088   11.01    5.92   21.11    7.80    4.58     62   44.88    4384   31.69   17926    1.53    0.73    0.01
  1039    53820   421088   12.01    4.87   20.26    7.69    3.33     44   43.99    4376   31.62   17889    1.22    0.65    0.07
  1039    53820   421088   13.00    3.75   20.01    7.65    2.82     37   43.95    4394   31.77   17977    1.12    0.54    0.03
  1040    53820   421088   14.09    2.73   19.93    7.63    2.57     34   43.95    4401   31.82   18010    0.93    0.69    0.12
  1040    53820   421088   15.01    1.95   19.53    7.57    1.75     23   43.52    4396   31.78   17987    0.46    0.37    0.09
  1041    53820   421088   15.92    0.93   18.56    7.49    1.02     13   42.45    4378   31.64   17908    0.26    0.32    0.07
 -1020    55419   421217    0.94   17.42   22.41    8.03    7.28    100   46.00    4375   31.61   17873    1.77    0.52    0.14
  1021    55419   421217    2.00   17.61   22.39    8.03    7.23     99   45.97    4374   31.61   17872    1.73    0.53    0.00
  1021    55419   421217    3.04   16.52   22.39    8.03    7.21     99   45.98    4375   31.61   17873    1.63    0.59    0.08
  1021    55419   421217    3.99   15.50   22.36    8.03    7.20     99   45.95    4375   31.61   17873    1.84    0.56    0.04
  1022    55419   421217    4.93   14.29   22.33    8.01    6.81     94   45.91    4374   31.60   17868    1.55    0.55   -0.02
  1022    55419   421217    6.02   12.93   22.01    7.93    6.06     83   45.63    4375   31.61   17877    1.18    0.54    0.07
  1023    55419   421217    7.01   11.94   21.78    7.92    5.86     80   45.42    4376   31.62   17883    1.13    0.53    0.01
  1023    55419   421217    7.94   10.94   21.64    7.90    5.75     78   45.31    4378   31.63   17892    1.39    0.68    0.10
  1023    55419   421217    9.01   10.03   21.49    7.88    5.56     75   45.16    4377   31.63   17890    1.30    0.79    0.08
  1024    55419   421217    9.98    9.07   21.33    7.86    5.25     71   44.99    4376   31.62   17885    0.95    0.59   -0.12
  1024    55419   421217   10.94    8.26   20.99    7.80    4.54     61   44.68    4375   31.61   17884    0.88    0.46   -0.05
  1025    55419   421217   12.09    7.24   19.63    7.62    2.56     33   43.29    4363   31.51   17832    0.48    0.45   -0.15
  1025    55419   421217   12.98    6.18   19.06    7.52    1.60     21   42.75    4362   31.51   17830    0.40    0.50    0.00
  1026    55419   421217   14.08    5.22   18.43    7.47    1.18     15   42.13    4357   31.47   17814    0.21    0.47    0.05
  1026    55419   421217   15.00    4.36   18.28    7.45    0.88     11   42.02    4360   31.50   17828    0.24    0.47   -0.15
  1026    55419   421217   15.92    3.46   17.94    7.43    0.69      9   41.67    4356   31.47   17810    0.07    0.46   -0.23
  1027    55419   421217   17.01    2.33   17.75    7.42    0.49      6   41.50    4357   31.47   17814    0.10    0.79    0.03
  1027    55419   421217   18.03    1.34   17.61    7.41    0.35      4   41.38    4357   31.47   17816    0.06    0.73   -0.08
  1028    55419   421217   18.93    0.42   17.53    7.41    0.25      3   41.31    4357   31.47   17817    0.03    1.19    0.03
 -1010    56364   420408    1.07   10.53   22.65    8.05    7.49    104   46.18    4371   31.57   17853    1.52    0.53    0.12
  1010    56364   420408    1.97    9.93   22.64    8.05    7.50    104   46.19    4372   31.59   17860    1.45    0.54    0.09
  1011    56364   420408    2.96    9.01   22.61    8.05    7.51    104   46.17    4373   31.60   17866    1.36    0.41    0.03
  1011    56364   420408    4.03    7.99   22.61    8.05    7.50    104   46.17    4373   31.60   17866    1.36    0.49    0.04
  1011    56364   420408    5.07    6.93   22.56    8.05    7.50    103   46.14    4375   31.61   17873    1.56    0.41    0.01
  1012    56364   420408    5.96    5.97   22.51    8.02    7.21     99   46.10    4375   31.61   17875    1.37    0.33   -0.08
  1012    56364   420408    6.97    5.01   22.43    8.00    6.77     93   46.02    4375   31.61   17876    1.11    0.48    0.02
  1013    56364   420408    8.05    4.07   21.93    7.92    5.91     81   45.55    4375   31.61   17877    1.37    0.63    0.11
  1013    56364   420408    8.96    3.26   21.70    7.90    5.65     77   45.35    4376   31.62   17884    1.31    0.62   -0.04
  1013    56364   420408    9.97    2.33   21.36    7.85    5.21     70   45.06    4379   31.65   17901    1.39    0.42   -0.11
  1014    56364   420408   11.00    1.31   21.19    7.83    4.89     66   44.85    4374   31.61   17878    0.85    0.48    0.04
  1014    56364   420408   11.90    0.51   20.56    7.73    3.73     50   44.24    4372   31.58   17869    0.89    0.47    0.01
 -0954    57630   418891    1.05   16.01   22.39    8.03    6.69     92   45.67    4346   31.37   17738    1.54    0.83    0.10
  0954    57630   418891    2.03   15.05   22.38    8.03    6.67     92   45.67    4346   31.37   17738    1.50    0.64    0.07
  0955    57630   418891    3.05   13.75   22.38    8.02    6.65     91   45.67    4346   31.37   17739    1.56    0.72    0.13
  0955    57630   418891    3.96   12.60   22.38    8.02    6.63     91   45.67    4346   31.38   17739    1.53    0.71    0.04
  0955    57630   418891    5.09   11.11   22.36    8.02    6.57     90   45.65    4346   31.37   17738    1.60    0.81    0.03
  0956    57630   418891    5.97   10.66   22.35    8.02    6.53     90   45.64    4346   31.37   17737    2.13    0.87    0.05
  0956    57630   418891    6.98   10.23   22.32    8.00    6.38     88   45.61    4346   31.37   17738    1.82    0.79    0.20
  0956    57630   418891    7.95    9.24   22.25    7.95    5.81     80   45.59    4349   31.40   17756    1.52    0.69    0.10
  0957    57630   418891    9.00    8.14   22.17    7.92    5.52     76   45.58    4357   31.46   17791    1.72    0.58    0.18
  0957    57630   418891   10.02    7.06   21.90    7.86    4.51     61   45.26    4350   31.41   17760    1.23    0.74    0.11
  0957    57630   418891   10.96    6.13   21.76    7.84    4.34     59   45.15    4352   31.42   17769    0.98    0.56   -0.11
  0958    57630   418891   12.06    5.13   20.48    7.64    2.33     31   43.93    4348   31.40   17760    0.51    0.54    0.00
  0958    57630   418891   12.97    4.25   19.68    7.59    1.96     26   43.36    4366   31.54   17847    0.34    0.48   -0.15
  0959    57630   418891   14.09    3.05   18.58    7.48    0.95     12   42.24    4355   31.46   17803    0.09    0.41   -0.06
  0960    57630   418891   15.04    4.74   18.27    7.46    0.79     10   41.92    4351   31.42   17784    0.07    0.30    0.07
  1000    57630   418891   16.01    2.39   18.19    7.45    0.70      9   41.83    4349   31.41   17777    0.07    0.40   -0.10
  1001    57630   418891   17.02    1.14   18.16    7.45    0.65      8   41.80    4348   31.40   17774    0.02    0.35    0.02
 -0938    57986   417140    0.96   19.14   22.41    8.04    6.79     93   45.61    4337   31.31   17698    1.76    0.89    0.27
  0939    57986   417140    2.04   18.04   22.41    8.04    6.78     93   45.60    4337   31.31   17699    1.76    0.95    0.17
  0939    57986   417140    3.04   16.82   22.41    8.04    6.76     93   45.61    4338   31.31   17700    1.66    0.91    0.11
  0939    57986   417140    4.04   16.19   22.41    8.04    6.74     93   45.62    4339   31.32   17705    1.91    1.09    0.24
  0939    57986   417140    5.05   15.31   22.59    8.00    6.39     88   45.95    4354   31.44   17776    1.13    0.35    0.03
  0940    57986   417140    6.14   14.33   22.55    8.02    6.45     89   45.92    4355   31.45   17782    1.23    0.56    0.02
  0940    57986   417140    7.08   13.50   22.56    8.02    6.63     91   45.94    4357   31.46   17787    1.45    0.78    0.27
  0941    57986   417140    8.01   12.59   22.40    7.95    5.70     78   45.77    4354   31.44   17778    1.15    0.52    0.01
  0941    57986   417140    9.04   11.49   22.28    7.93    5.43     75   45.67    4355   31.45   17784    1.28    0.43    0.00
  0942    57986   417140   10.06   10.42   22.02    7.90    5.04     69   45.38    4351   31.41   17763    1.24    0.62   -0.12
  0942    57986   417140   11.06    9.47   21.81    7.86    4.50     61   45.12    4344   31.36   17735    1.35    0.84   -0.08
  0943    57986   417140   11.96    8.62   20.68    7.65    2.47     33   44.16    4353   31.44   17782    1.04    0.75    0.20
  0943    57986   417140   13.02    7.76   19.68    7.55    1.49     19   43.20    4349   31.41   17770    0.42    0.56    0.11
  0944    57986   417140   14.02    6.78   18.49    7.48    0.94     12   42.11    4350   31.41   17778    0.26    0.31   -0.20
  0944    57986   417140   15.00    5.93   18.28    7.47    0.78     10   41.91    4349   31.40   17774    0.04    0.37   -0.13
  0944    57986   417140   16.09    4.86   18.03    7.46    0.78     10   41.68    4349   31.40   17775    0.14    0.42    0.00
  0945    57986   417140   17.02    3.89   17.69    7.47    0.92     12   41.38    4350   31.41   17782    0.07    0.39    0.02
  0945    57986   417140   18.03    2.75   17.55    7.47    0.96     12   41.25    4350   31.41   17784    0.21    0.58    0.13
  0946    57986   417140   19.05    0.85   17.44    7.46    0.86     11   41.15    4349   31.41   17778    0.04    0.51   -0.24
 -0911    59116   414877    1.05   17.32   22.59    8.06    6.93     96   45.75    4335   31.29   17687    1.80    0.90    0.12
  0911    59116   414877    1.96   16.59   22.59    8.06    6.93     96   45.75    4335   31.29   17688    1.86    0.89    0.22
  0912    59116   414877    3.07   15.50   22.57    8.06    6.94     96   45.74    4335   31.29   17688    1.61    0.88    0.05
  0912    59116   414877    4.03   14.46   22.53    8.06    6.92     95   45.70    4335   31.29   17689    2.19    0.94    0.19
  0912    59116   414877    5.03   13.52   22.54    8.06    6.91     95   45.70    4335   31.29   17689    2.08    1.06    0.05
  0913    59116   414877    6.06   12.63   22.54    8.06    6.89     95   45.70    4335   31.29   17686    2.39    1.09    0.28
  0913    59116   414877    7.04   11.74   22.51    8.05    6.78     93   45.68    4335   31.29   17687    2.10    0.87    0.28
  0913    59116   414877    7.99   10.67   22.51    8.05    6.71     92   45.67    4335   31.29   17687    2.05    1.00   -0.03
  0914    59116   414877    9.08    9.53   22.49    8.02    6.36     87   45.66    4336   31.29   17689    1.77    0.88    0.15
  0914    59116   414877    9.97    8.84   22.43    8.00    6.10     84   45.61    4336   31.29   17691    2.20    0.94    0.24
  0915    59116   414877   11.00    7.67   22.19    7.95    5.43     74   45.41    4338   31.31   17701    2.12    1.03    0.12
  0915    59116   414877   12.02    6.62   21.25    7.77    3.52     47   44.58    4342   31.35   17728    1.44    0.96    0.06
  0916    59116   414877   12.95    5.58   20.48    7.62    2.11     28   43.87    4343   31.35   17734    1.12    0.76    0.05
  0917    59116   414877   13.99    4.55   19.49    7.50    1.27     17   43.06    4353   31.44   17787    1.05    1.04    0.02
  0917    59116   414877   14.97    3.46   18.23    7.47    1.13     14   41.87    4349   31.40   17775    0.17    0.59   -0.12
  0917    59116   414877   15.06    3.41   18.13    7.47    1.18     15   41.76    4348   31.40   17770    0.23    0.48    0.01
  0918    59116   414877   16.02    2.33   17.86    7.47    1.25     16   41.53    4349   31.41   17777    0.16    0.50    0.06
  0918    59116   414877   16.99    1.35   17.58    7.47    1.23     15   41.27    4348   31.40   17777    0.17    0.58   -0.14
  0918    59116   414877   17.97    0.35   17.51    7.46    1.16     15   41.20    4348   31.40   17774    0.08    0.60   -0.04
 -0850    61293   413007    1.00    9.34   22.79    8.08    7.16     99   45.96    4337   31.31   17697    1.85    0.78    0.08
  0850    61293   413007    1.94    8.42   22.76    8.08    7.11     98   45.93    4337   31.30   17696    1.61    0.68    0.09
  0850    61293   413007    3.05    7.29   22.74    8.08    7.05     97   45.90    4337   31.30   17693    1.44    0.89    0.03
  0850    61293   413007    4.02    6.24   22.74    8.07    6.99     97   45.90    4336   31.30   17692    1.49    0.77    0.05
  0851    61293   413007    5.00    5.28   22.73    8.07    6.90     95   45.89    4336   31.29   17690    1.60    0.67    0.03
  0851    61293   413007    6.06    4.12   22.64    8.06    6.69     92   45.80    4335   31.29   17687    1.96    0.93    0.30
  0852    61293   413007    6.88    3.31   22.57    8.06    6.76     93   45.73    4335   31.29   17687    1.56    0.74    0.05
  0852    61293   413007    8.02    2.26   22.56    8.07    6.88     95   45.72    4335   31.29   17686    1.67    0.84    0.21
  0853    61293   413007    8.96    1.43   22.52    8.07    6.91     95   45.69    4335   31.29   17687    1.57    0.77    0.11
  0853    61293   413007    9.94    0.29   22.48    8.05    6.74     93   45.65    4335   31.29   17689    1.74    1.01    0.05
 -0836    62405   412268    1.06   16.88   22.82    8.09    7.22    100   45.99    4338   31.31   17699    1.57    0.75    0.21
  0837    62405   412268    2.05   16.01   22.82    8.09    7.23    100   46.00    4338   31.31   17701    1.54    0.60    0.16
  0837    62405   412268    3.04   15.02   22.83    8.09    7.25    100   46.00    4338   31.31   17700    1.36    0.63    0.02
  0837    62405   412268    4.00   14.08   22.82    8.09    7.23    100   46.00    4338   31.31   17699    1.44    0.79    0.08
  0838    62405   412268    5.04   13.13   22.82    8.09    7.24    100   46.00    4338   31.31   17700    1.37    0.76    0.03
  0838    62405   412268    6.06   12.05   22.82    8.09    7.22    100   46.00    4338   31.31   17701    1.42    0.68    0.07
  0838    62405   412268    6.96   11.06   22.82    8.09    7.20    100   46.00    4338   31.31   17701    1.43    0.63    0.02
  0839    62405   412268    8.04   10.00   22.82    8.08    7.05     98   46.02    4340   31.33   17710    1.63    0.66    0.31
  0839    62405   412268    9.01    9.03   22.80    8.07    6.90     96   46.03    4343   31.35   17722    1.25    0.68    0.06
  0840    62405   412268    9.97    8.06   22.77    8.06    6.66     92   46.04    4346   31.38   17738    0.72    0.44    0.07
  0840    62405   412268   10.89    7.12   22.76    8.06    6.55     91   46.06    4350   31.40   17754    0.59    0.49    0.07
  0840    62405   412268   12.01    6.51   22.75    8.07    6.58     91   46.20    4364   31.52   17820    0.63    0.30   -0.10
  0841    62405   412268   13.01    5.23   21.18    7.80    3.65     49   44.58    4349   31.40   17758    1.17    0.86   -0.02
  0842    62405   412268   14.05    3.79   18.99    7.49    1.21     16   42.51    4343   31.36   17746    0.96    0.77    0.06
  0842    62405   412268   15.00    2.83   17.60    7.44    0.86     11   41.28    4348   31.40   17774    0.07    0.45   -0.21
  0842    62405   412268   15.96    1.95   17.38    7.43    0.70      9   41.08    4348   31.40   17777    0.14    0.35    0.09
  0843    62405   412268   17.04    0.62   17.16    7.41    0.41      5   40.88    4348   31.40   17776    0.07    1.23   -0.09
 -0806    65236   412101    1.05   13.13   22.86    8.11    7.29    101   46.03    4338   31.31   17697    1.54    0.69    0.07
  0806    65236   412101    2.04   12.35   22.85    8.11    7.28    101   46.02    4338   31.31   17697    1.44    0.75    0.02
  0806    65236   412101    3.03   11.54   22.87    8.10    7.23    100   46.05    4338   31.31   17701    1.52    0.75    0.06
  0807    65236   412101    4.03   10.79   22.87    8.11    7.22    100   46.05    4339   31.31   17702    1.46    0.72    0.07
  0807    65236   412101    5.02   10.20   22.86    8.11    7.25    100   46.04    4338   31.31   17701    1.52    0.69    0.16
  0807    65236   412101    6.07    9.39   22.87    8.10    7.20    100   46.05    4339   31.32   17703    1.53    0.61    0.13
  0807    65236   412101    7.00    8.59   22.86    8.10    7.13     99   46.05    4339   31.32   17705    1.47    0.62    0.04
  0808    65236   412101    7.96    7.67   22.85    8.08    6.69     93   46.06    4341   31.33   17713    1.47    0.87    0.20
  0808    65236   412101    8.99    6.61   22.79    8.07    6.44     89   46.00    4341   31.34   17715    1.54    0.92    0.11
  0809    65236   412101   10.01    5.50   22.74    8.07    6.26     87   45.96    4342   31.34   17716    1.54    0.87    0.05
  0809    65236   412101   11.00    4.58   22.74    8.07    6.20     86   45.97    4343   31.35   17721    1.48    1.05    0.30
  0810    65236   412101   11.99    3.63   22.71    8.06    6.02     83   45.95    4343   31.35   17723    1.89    0.96    0.05
  0810    65236   412101   13.09    2.59   22.68    8.04    5.72     79   45.92    4343   31.35   17722    1.90    1.10    0.21
  0810    65236   412101   14.01    1.72   22.63    8.01    5.38     74   45.87    4343   31.35   17724    1.78    1.18    0.05
  0811    65236   412101   14.94    0.83   22.57    7.99    5.04     70   45.82    4343   31.35   17725    2.02    1.66    0.11
 -0750    66366   411624    1.05    7.37   22.92    8.13    7.44    103   45.99    4330   31.24   17659    1.79    0.73    0.03
  0750    66366   411624    2.03    6.46   22.91    8.13    7.44    103   45.99    4330   31.25   17662    1.61    0.73    0.04
  0750    66366   411624    2.97    5.32   22.91    8.13    7.42    103   45.99    4330   31.25   17663    1.62    0.69    0.04
  0751    66366   411624    4.03    4.10   22.91    8.13    7.40    103   46.00    4331   31.25   17665    1.60    0.61    0.27
  0751    66366   411624    4.95    3.13   22.90    8.12    7.37    102   46.00    4331   31.25   17665    1.58    0.69    0.09
  0751    66366   411624    6.02    2.11   22.90    8.11    7.27    101   46.02    4333   31.27   17676    1.22    0.64    0.20
  0752    66366   411624    7.01    1.20   22.88    8.07    6.70     93   46.10    4342   31.34   17718    1.41    0.60    0.21
 -0740    67380   411374    1.01   11.36   22.96    8.16    7.98    111   45.88    4314   31.12   17588    2.17    0.81    0.02
  0741    67380   411374    1.98   10.40   22.94    8.16    7.98    111   45.86    4314   31.12   17588    2.23    0.91    0.20
  0741    67380   411374    3.04    9.38   22.94    8.16    7.98    111   45.85    4314   31.11   17585    2.19    0.90    0.09
  0742    67380   411374    3.96    8.52   22.98    8.16    7.92    110   45.93    4318   31.15   17605    2.27    0.84    0.21
  0742    67380   411374    4.95    7.53   23.04    8.14    7.75    108   46.06    4325   31.20   17635    1.85    0.69    0.01
  0742    67380   411374    6.09    6.41   23.02    8.13    7.56    105   46.07    4328   31.23   17649    1.81    0.84    0.03
  0743    67380   411374    7.02    5.50   23.08    8.12    7.43    103   46.18    4333   31.27   17673    1.57    0.72    0.19
  0743    67380   411374    7.98    4.53   23.06    8.10    7.15     99   46.20    4337   31.30   17691    1.72    0.65    0.21
  0744    67380   411374    8.99    3.50   22.85    8.09    6.58     91   46.04    4339   31.32   17706    1.85    0.93    0.01
  0744    67380   411374   10.04    2.47   22.77    8.08    6.32     87   46.02    4345   31.37   17732    1.99    0.93    0.12
  0744    67380   411374   11.01    1.51   22.68    8.05    5.92     82   45.94    4345   31.37   17733    2.07    1.11    0.22
 -0729    68853   411242    1.02   10.82   22.85    8.14    7.82    108   45.43    4282   30.86   17439    2.32    1.05    0.17
  0730    68853   411242    1.99   10.19   22.86    8.14    7.81    108   45.44    4282   30.86   17437    2.43    1.02    0.12
  0730    68853   411242    2.95    9.10   22.87    8.14    7.81    108   45.45    4283   30.86   17440    2.47    0.99    0.14
  0730    68853   411242    4.01    7.93   23.00    8.12    7.57    105   45.70    4294   30.96   17494    2.59    1.05    0.06
  0731    68853   411242    4.95    7.03   23.42    8.12    7.20    101   46.55    4337   31.30   17690    2.51    0.98    0.12
  0731    68853   411242    5.95    6.13   23.53    8.13    7.31    103   46.81    4351   31.41   17757    2.71    0.92    0.05
  0731    68853   411242    7.12    4.93   23.51    8.15    7.41    104   46.87    4359   31.48   17795    2.40    0.95    0.10
  0732    68853   411242    7.93    4.18   23.37    8.13    7.08     99   46.75    4360   31.49   17799    2.45    0.95    0.07
  0732    68853   411242    9.02    3.04   23.41    8.12    6.90     97   46.89    4370   31.57   17847    2.48    1.07    0.01
  0733    68853   411242    9.99    1.87   23.38    8.13    6.75     95   46.98    4381   31.66   17896    2.76    1.09    0.32
  0733    68853   411242   10.95    0.53   23.18    8.09    6.17     86   46.72    4374   31.60   17867    2.33    1.63    0.11
 -0723    69262   410999    1.05    6.29   22.88    8.09    6.79     94   45.50    4287   30.89   17459    3.31    1.16    0.17
  0724    69262   410999    2.01    5.09   22.81    8.09    6.91     95   45.41    4284   30.87   17447    2.97    1.15    0.26
  0724    69262   410999    2.97    3.89   22.65    8.08    6.89     95   45.25    4283   30.87   17444    2.42    1.08    0.25
  0725    69262   410999    4.07    1.06   22.60    8.01    5.69     78   45.38    4299   30.99   17517    1.39    1.06   -0.04
