# MEETVAARTUIG         : MILIEUCONTAINER
# MEETDATUM            : 23-07-2026 11:24:24
# MEETGEBIED           : ZEELAND
# STARTPUNT            : GTS 20
# EINDPUNT             : GTS 1
# PROJECTCODE          : GTS-VERTIKALEN
# OPDRACHTGEVER        : WVL
# BEHEERDER            : MOBIEL METEN
# BEMONST. INST        : []
# WAARNEMER(S)         : Bernaards
#
* 20260723
$ 9999 [00000000000000000000]
>TIJD       uumm                         
>X          coordinaat                   
>Y          coordinaat                   
>SENSHTE    Diepte set           m       
>Echms      Echoset              mtrs    
>Temp       Temperatuur          oC      
>pH         Zuurgraad            pH      
>O2         Zuurstof             mg/l    
>%O2        Zuurstof%            %       
>GELBH      Geleidendheid        mS/cm   
>GELDHD     Geleidendheid        ???     
>SALNTT     Saliniteit           dimsl   
>CL-        Chloride             mg/l    
>CHLFRFU    Chlorofyl            RFU     
>TROEBHFNU  Troebelheid          FNU     
>PHYCOUGL   Phycocyanine         ug/l    
 -1124    47496   418827    1.08    9999   20.37    7.91    6.34     84   44.37    4402   31.83   18013    0.94   10.72    0.17
  1125    47496   418827    2.05    9999   20.41    7.90    6.33     84   44.44    4405   31.86   18028    0.86    9.54    0.13
  1125    47496   418827    3.04    9999   20.33    7.91    6.35     84   44.34    4404   31.84   18020    1.15   11.26    0.22
  1125    47496   418827    3.97    9999   20.32    7.91    6.37     84   44.32    4403   31.84   18015    1.28   11.89    0.14
  1125    47496   418827    4.96    9999   20.32    7.91    6.37     84   44.33    4403   31.84   18017    1.08   12.92    0.06
  1126    47496   418827    6.02    9999   20.33    7.91    6.36     84   44.34    4403   31.84   18015    1.02   13.48    0.21
  1126    47496   418827    7.00    9999   20.34    7.90    6.34     84   44.35    4404   31.84   18021    1.09   13.73    0.12
  1126    47496   418827    8.11    9999   20.34    7.90    6.33     84   44.36    4404   31.85   18023    1.20   13.66    0.10
  1127    47496   418827    9.09    9999   20.34    7.90    6.33     84   44.36    4404   31.85   18022    1.18   13.52    0.18
  1127    47496   418827   10.12    9999   20.35    7.90    6.32     84   44.37    4404   31.85   18022    1.22   11.67    0.26
 -1131    47986   418392    0.95    9999   20.88    7.94    6.75     90   45.02    4419   31.97   18090    1.14    1.10    0.20
  1131    47986   418392    1.93    9999   20.87    7.94    6.76     90   45.01    4419   31.96   18088    1.33    1.04   -0.08
  1132    47986   418392    3.02    9999   20.88    7.94    6.76     90   45.02    4419   31.97   18091    0.98    0.89    0.03
  1132    47986   418392    3.96    9999   20.88    7.94    6.73     90   45.02    4419   31.97   18091    1.09    0.88    0.07
  1132    47986   418392    4.94    9999   20.88    7.94    6.74     90   45.02    4420   31.97   18091    1.16    0.98    0.01
  1132    47986   418392    6.05    9999   20.88    7.94    6.74     90   45.02    4420   31.97   18091    1.24    0.82    0.03
  1132    47986   418392    7.06    9999   20.86    7.94    6.70     90   45.01    4420   31.97   18094    0.91    0.82    0.28
  1133    47986   418392    8.04    9999   20.86    7.94    6.70     90   45.01    4420   31.98   18095    1.16    0.83    0.12
  1133    47986   418392    8.95    9999   20.80    7.93    6.57     88   44.93    4418   31.96   18086    0.92    1.09    0.12
  1133    47986   418392   10.08    9999   20.88    7.94    6.70     90   45.02    4420   31.97   18092    1.16    0.91    0.10
  1134    47986   418392   10.97    9999   20.89    7.94    6.72     90   45.03    4420   31.98   18093    1.01    0.92    0.00
  1134    47986   418392   12.07    9999   20.88    7.93    6.45     86   45.04    4421   31.98   18096    0.87    0.88   -0.10
  1137    47986   418392   13.09    9999   20.44    7.89    5.99     79   44.53    4411   31.91   18056    0.88    3.34    0.17
  1137    47986   418392   14.02    9999   20.40    7.84    5.05     67   44.53    4416   31.94   18078    0.92    2.96   -0.00
  1138    47986   418392   15.05    9999   20.23    7.86    5.46     72   44.29    4408   31.88   18040    0.75    4.62    0.07
  1138    47986   418392   16.10    9999   19.21    7.58    1.49     19   43.51    4425   32.02   18127    0.55    2.09   -0.01
 -1148    48738   418255    1.04    9999   21.00    7.94    6.81     91   45.21    4427   32.03   18126    1.46    0.76    0.18
  1151    48738   418255    1.90    9999   21.01    7.94    6.81     91   45.22    4427   32.04   18128    1.46    0.72    0.20
  1151    48738   418255    3.02    9999   21.00    7.94    6.80     91   45.22    4427   32.04   18128    2.24    0.87    0.21
  1152    48738   418255    3.97    9999   21.00    7.94    6.78     91   45.22    4428   32.04   18128    1.18    0.64    0.11
  1152    48738   418255    5.03    9999   21.00    7.94    6.77     91   45.22    4428   32.04   18129    1.06    0.78    0.38
  1152    48738   418255    6.03    9999   21.00    7.94    6.77     91   45.22    4427   32.04   18128    1.06    0.60   -0.07
  1152    48738   418255    7.00    9999   20.98    7.93    6.73     90   45.20    4427   32.04   18128    1.34    0.78    0.05
  1153    48738   418255    8.08    9999   20.98    7.94    6.74     90   45.20    4428   32.04   18129    1.35    0.74    0.05
  1153    48738   418255    9.08    9999   20.98    7.94    6.74     90   45.20    4428   32.04   18129    1.06    0.70   -0.06
  1153    48738   418255   10.00    9999   20.99    7.93    6.72     90   45.21    4428   32.04   18130    1.12    0.67    0.05
  1153    48738   418255   10.93    9999   20.99    7.93    6.66     89   45.22    4429   32.05   18135    1.09    0.74    0.14
  1154    48738   418255   11.92    9999   20.99    7.92    6.61     89   45.22    4429   32.05   18134    1.12    0.57    0.20
  1154    48738   418255   13.04    9999   20.98    7.92    6.57     88   45.22    4429   32.05   18136    1.16    0.61   -0.08
  1154    48738   418255   14.04    9999   20.93    7.91    6.41     86   45.16    4429   32.05   18135    0.89    0.66    0.04
  1155    48738   418255   14.99    9999   20.33    7.80    4.57     61   44.58    4427   32.03   18128    0.40    0.82   -0.14
  1156    48738   418255   16.07    9999   17.78    7.52    0.58      7   42.24    4431   32.07   18163    0.12    3.96    0.05
  1157    48738   418255   17.05    9999   15.14    7.44    0.28      3   39.62    4409   31.90   18074    0.19    0.42    0.11
  1158    48738   418255   18.00    9999   14.67    7.43    0.24      3   39.18    4407   31.89   18068    0.04    0.29    0.06
  1158    48738   418255   18.98    9999   14.40    7.42    0.20      2   38.92    4406   31.87   18062    0.11    0.26    0.05
  1159    48738   418255   20.00    9999   14.31    7.42    0.19      2   38.85    4406   31.88   18064    0.05    0.35   -0.03
  1159    48738   418255   21.11    9999   14.19    7.40    0.18      2   38.73    4405   31.87   18061    0.12    0.33    0.10
  1159    48738   418255   22.01    9999   14.08    7.40    0.16      2   38.63    4406   31.87   18061    0.12    0.32    0.16
  1200    48738   418255   23.10    9999   13.99    7.40    0.14      2   38.54    4404   31.86   18056    0.00    0.31    0.07
  1201    48823   418180   24.06    9999   13.91    7.39    0.12      1   38.47    4405   31.87   18059    0.11    0.24    0.11
  1202    48823   418180   25.00    9999   13.89    7.39    0.12      1   38.45    4405   31.87   18060    0.07    0.35    0.11
  1202    48823   418180   25.93    9999   13.79    7.38    0.12      1   38.37    4406   31.87   18064    0.08    0.36    0.11
  1202    48823   418180   27.06    9999   13.61    7.38    0.11      1   38.21    4406   31.87   18065    0.09    0.31    0.08
  1203    48823   418180   28.13    9999   13.41    7.37    0.11      1   38.04    4406   31.88   18068    0.14    0.26    0.15
  1204    48823   418180   29.10    9999   13.34    7.37    0.10      1   37.97    4406   31.88   18068    0.13    0.26    0.11
  1205    48823   418180   29.99    9999   13.09    7.35    0.09      1   37.74    4405   31.87   18064    0.02    0.34    0.07
  1205    48823   418180   30.94    9999   12.79    7.35    0.09      1   37.54    4413   31.93   18102    0.13    0.35    0.05
  1206    48823   418180   31.95    9999   11.53    7.29    0.08      1   36.42    4412   31.93   18104    0.07    0.38    0.26
  1206    48823   418180   32.94    9999   10.28    7.23    0.08      1   35.42    4426   32.04   18174    0.12    0.46    0.16
  1207    48823   418180   34.07    9999    9.38    7.19    0.07      1   34.59    4420   32.00   18149    0.07    0.51    0.09
  1207    48823   418180   35.02    9999    9.14    7.16    0.06      1   34.40    4422   32.01   18158    0.10    0.49    0.24
  1207    48823   418180   35.85    9999    9.05    7.15    0.06      1   34.31    4420   32.00   18151    0.13    0.48    0.04
  1208    48823   418180   36.05    9999    9.05    7.14    0.06      1   34.31    4420   32.00   18150    0.10    0.53    0.39
  1209    48823   418180   37.14    9999    9.00    7.14    0.06      1   34.26    4420   32.00   18151    0.00    0.51    0.36
  1209    48823   418180   38.12    9999    8.98    7.14    0.06      1   34.25    4420   32.00   18152    0.09    0.43    0.12
  1209    48823   418180   39.15    9999    8.97    7.14    0.06      1   34.24    4420   32.00   18153    0.04    0.48    0.27
  1210    48823   418180   40.15    9999    8.95    7.14    0.06      1   34.23    4421   32.00   18156    0.06    0.51    0.18
  1210    48823   418180   40.92    9999    8.94    7.14    0.06      1   34.22    4421   32.00   18154    0.07    0.55    0.32
 -1059    49845   418285    0.97    9999   21.08    7.94    6.80     91   45.30    4429   32.05   18133    1.47    0.79    0.21
  1100    49845   418285    1.92    9999   21.07    7.94    6.78     91   45.29    4428   32.04   18132    1.55    0.78    0.05
  1101    49845   418285    3.05    9999   21.06    7.94    6.78     91   45.28    4428   32.04   18132    1.19    0.77    0.17
  1101    49845   418285    4.03    9999   21.04    7.94    6.78     91   45.27    4429   32.05   18133    1.11    0.65    0.32
  1101    49845   418285    5.01    9999   21.06    7.94    6.78     91   45.28    4429   32.05   18134    1.29    0.68    0.03
  1102    49845   418285    5.97    9999   21.04    7.94    6.77     91   45.27    4429   32.05   18135    1.12    0.72    0.02
  1102    49845   418285    6.90    9999   21.04    7.94    6.76     91   45.26    4428   32.04   18132    1.13    0.85    0.05
  1103    49845   418285    7.98    9999   21.04    7.94    6.75     91   45.26    4428   32.04   18132    1.04    0.68    0.11
  1103    49845   418285    9.06    9999   21.03    7.94    6.73     90   45.26    4429   32.05   18134    1.11    0.77    0.16
  1103    49845   418285   10.06    9999   21.04    7.94    6.74     90   45.26    4429   32.05   18133    1.22    1.30    0.11
  1104    49845   418285   11.03    9999   21.02    7.94    6.72     90   45.25    4429   32.05   18134    1.10    0.74    0.01
  1104    49845   418285   12.02    9999   21.03    7.94    6.71     90   45.26    4429   32.05   18135    1.15    0.72    0.08
  1104    49845   418285   12.95    9999   20.94    7.92    6.44     86   45.17    4428   32.04   18133    0.79    0.76    0.19
  1105    49845   418285   14.05    9999   20.85    7.88    5.94     79   45.09    4429   32.05   18136    0.70    0.66    0.14
  1105    49845   418285   14.98    9999   20.48    7.86    5.45     72   44.72    4427   32.03   18129    0.77    0.96   -0.06
  1106    49845   418285   15.93    9999   17.02    7.51    0.65      8   41.46    4425   32.05   18136    0.21    6.57    0.17
  1107    49845   418285   16.93    9999   14.80    7.44    0.40      5   39.36    4415   31.94   18100    0.09    0.42    0.02
  1107    49845   418285   18.07    9999   14.53    7.43    0.32      4   39.06    4409   31.90   18075    0.13    0.40    0.18
  1107    49845   418285   18.88    9999   14.46    7.43    0.28      3   39.01    4409   31.90   18078    0.06    0.36   -0.15
 -1043    50725   418381    1.10    9999   21.19    7.96    7.03     95   45.43    4431   32.06   18142    1.40    0.68    0.04
  1043    50725   418381    1.94    9999   21.19    7.96    7.01     94   45.43    4430   32.06   18141    1.56    0.72    0.13
  1044    50725   418381    2.99    9999   21.19    7.96    7.01     94   45.43    4431   32.06   18142    1.36    0.75    0.03
  1044    50725   418381    4.06    9999   21.19    7.96    7.00     94   45.43    4431   32.06   18141    1.40    0.74    0.12
  1044    50725   418381    5.00    9999   21.19    7.95    6.98     94   45.43    4431   32.06   18143    1.17    0.75    0.08
  1045    50725   418381    6.01    9999   21.19    7.96    6.93     93   45.42    4431   32.06   18142    1.58    0.66    0.10
  1045    50725   418381    7.09    9999   21.18    7.95    6.88     93   45.42    4431   32.06   18142    1.51    0.68   -0.02
  1045    50725   418381    8.01    9999   21.18    7.95    6.89     93   45.42    4431   32.06   18142    1.39    0.74    0.13
  1046    50725   418381    9.11    9999   21.17    7.95    6.82     92   45.41    4430   32.06   18141    1.42    0.68    0.06
  1046    50725   418381    9.95    9999   21.18    7.95    6.85     92   45.41    4431   32.06   18142    1.31    0.66    0.15
  1046    50725   418381   10.98    9999   21.17    7.95    6.78     91   45.41    4431   32.06   18143    1.38    0.86    0.11
  1047    50725   418381   11.94    9999   21.16    7.94    6.70     90   45.40    4431   32.06   18143    1.20    0.63   -0.05
  1047    50725   418381   12.97    9999   21.09    7.91    6.25     84   45.33    4430   32.06   18140    0.69    0.58    0.01
  1048    50725   418381   13.99    9999   20.64    7.82    5.11     68   44.87    4427   32.03   18126    0.72    0.55   -0.04
  1049    50725   418381   15.08    9999   19.18    7.59    1.98     26   43.46    4423   32.00   18115    0.35    0.66    0.14
  1050    50725   418381   16.06    9999   15.83    7.47    0.43      5   40.25    4410   31.90   18072    0.06    0.41    0.05
  1050    50725   418381   17.09    9999   14.87    7.45    0.32      4   39.38    4410   31.90   18078    0.10    0.24    0.01
  1050    50725   418381   17.97    9999   14.70    7.44    0.26      3   39.21    4409   31.89   18072    0.03    0.31   -0.10
  1050    50725   418381   18.96    9999   14.53    7.43    0.23      3   39.05    4408   31.89   18069    0.06    0.35   -0.00
  1051    50725   418381   20.08    9999   14.42    7.43    0.19      2   38.95    4407   31.88   18067    0.11    0.38    0.01
  1051    50725   418381   20.96    9999   14.30    7.42    0.17      2   38.84    4406   31.88   18064    0.10    0.25   -0.00
  1052    50725   418381   22.10    9999   14.23    7.42    0.16      2   38.77    4406   31.88   18064    0.13    0.36   -0.13
  1052    50725   418381   22.95    9999   14.09    7.41    0.15      2   38.64    4406   31.87   18062    0.09    0.28    0.01
  1052    50725   418381   24.10    9999   13.97    7.41    0.14      2   38.53    4405   31.87   18060    0.08    0.34   -0.05
  1053    50725   418381   25.01    9999   13.89    7.41    0.14      2   38.46    4405   31.87   18059    0.13    0.29    0.15
  1053    50725   418381   25.98    9999   13.79    7.40    0.13      2   38.37    4405   31.87   18062    0.08    0.25   -0.06
  1053    50725   418381   26.94    9999   13.61    7.39    0.13      1   38.19    4404   31.86   18055    0.11    0.26    0.10
 -1027    51806   418657    1.03    9999   21.02    7.94    7.08     95   45.26    4430   32.06   18140    1.65    0.66    0.14
  1027    51806   418657    2.05    9999   21.03    7.94    7.06     95   45.28    4431   32.06   18143    1.56    0.65    0.18
  1027    51806   418657    2.92    9999   21.04    7.95    7.06     95   45.28    4431   32.06   18142    1.31    0.63    0.24
  1028    51806   418657    4.08    9999   21.03    7.95    7.05     95   45.28    4431   32.06   18143    1.45    0.79    0.17
  1028    51806   418657    5.07    9999   21.01    7.94    7.05     95   45.25    4431   32.06   18143    1.45    0.48    0.07
  1028    51806   418657    6.07    9999   21.01    7.94    7.03     94   45.25    4430   32.06   18140    1.37    0.63    0.14
  1028    51806   418657    7.04    9999   20.99    7.94    7.01     94   45.22    4430   32.05   18138    1.47    0.64    0.13
  1029    51806   418657    8.07    9999   20.98    7.94    7.00     94   45.22    4430   32.05   18138    1.27    0.53    0.13
  1029    51806   418657    9.02    9999   20.98    7.94    6.99     94   45.22    4430   32.05   18139    1.17    0.54    0.01
  1029    51806   418657   10.08    9999   20.99    7.94    7.00     94   45.23    4430   32.06   18140    1.47    0.58   -0.02
  1029    51806   418657   10.95    9999   20.99    7.94    6.99     94   45.23    4429   32.05   18137    1.30    0.57    0.13
  1030    51806   418657   12.00    9999   20.98    7.94    6.98     94   45.22    4430   32.06   18140    1.39    0.62    0.04
  1030    51806   418657   12.96    9999   20.98    7.93    6.97     93   45.22    4430   32.06   18142    1.36    0.50   -0.00
  1030    51806   418657   14.02    9999   20.97    7.93    6.96     93   45.21    4430   32.05   18139    1.26    0.53    0.12
  1031    51806   418657   15.05    9999   20.96    7.93    6.95     93   45.21    4430   32.06   18140    1.27    0.48    0.22
  1031    51806   418657   15.94    9999   15.74    7.50    0.67      8   40.19    4412   31.92   18081    0.12    0.32   -0.01
  1032    51806   418657   17.07    9999   14.98    7.49    0.46      5   39.49    4411   31.91   18081    0.08    0.30    0.10
  1032    51806   418657   18.14    9999   14.39    7.48    0.38      5   38.94    4409   31.90   18076    0.11    0.29    0.11
  1032    51806   418657   19.06    9999   14.30    7.48    0.33      4   38.85    4408   31.89   18072    0.15    0.13    0.02
  1032    51806   418657   19.96    9999   14.17    7.47    0.30      4   38.73    4408   31.89   18072    0.05    0.27   -0.11
  1033    51806   418657   21.07    9999   14.12    7.47    0.27      3   38.68    4407   31.88   18069    0.08    0.41    0.19
  1033    51806   418657   21.91    9999   14.03    7.47    0.24      3   38.60    4407   31.88   18069    0.17    0.24    0.08
  1033    51806   418657   22.97    9999   14.01    7.46    0.22      3   38.58    4407   31.88   18069    0.10    0.29    0.04
  1034    51806   418657   24.02    9999   13.98    7.46    0.21      2   38.55    4407   31.88   18067    0.14    0.30    0.04
  1034    51806   418657   24.92    9999   13.76    7.44    0.20      2   38.36    4407   31.88   18071    0.09    0.30    0.07
  1034    51806   418657   25.94    9999   13.67    7.43    0.19      2   38.28    4407   31.89   18073    0.10    0.46    0.05
  1035    51806   418657   27.00    9999   13.56    7.43    0.17      2   38.16    4406   31.87   18065    0.01    0.28    0.12
  1035    51806   418657   28.04    9999   13.46    7.42    0.16      2   38.07    4406   31.87   18065    0.03    0.35    0.01
  1035    51806   418657   29.03    9999   13.32    7.42    0.15      2   37.94    4405   31.87   18062    0.21    0.31    0.13
  1035    51806   418657   30.01    9999   13.22    7.40    0.15      2   37.85    4405   31.87   18062    0.12    0.28    0.06
  1036    51806   418657   31.07    9999   12.92    7.39    0.14      2   37.58    4404   31.86   18061    0.10    0.31    0.15
  1036    51806   418657   32.13    9999   12.49    7.37    0.14      2   37.20    4404   31.86   18063    0.06    0.28    0.17
  1036    51806   418657   33.00    9999   12.24    7.36    0.13      1   36.99    4405   31.87   18069    0.06    0.29    0.12
  1036    51806   418657   34.16    9999   11.92    7.33    0.12      1   36.70    4404   31.86   18065    0.06    0.31    0.13
 -1013    53045   420471    1.06    9999   20.73    7.86    5.72     76   44.93    4425   32.01   18116    0.67    0.75    0.01
  1013    53045   420471    2.02    9999   20.83    7.91    6.53     87   45.06    4427   32.03   18128    1.32    0.54    0.23
  1013    53045   420471    3.07    9999   20.84    7.89    6.65     89   45.07    4427   32.04   18129    1.37    0.49    0.06
  1014    53045   420471    4.05    9999   20.86    7.92    6.77     91   45.09    4427   32.04   18129    1.30    0.52    0.19
  1014    53045   420471    4.99    9999   20.88    7.92    6.86     92   45.11    4428   32.04   18130    1.07    0.53    0.01
  1014    53045   420471    6.06    9999   20.87    7.92    6.85     92   45.10    4428   32.04   18131    1.16    0.49    0.07
  1015    53045   420471    7.11    9999   20.89    7.92    6.87     92   45.11    4428   32.04   18129    1.32    0.51    0.10
  1015    53045   420471    8.02    9999   20.89    7.92    6.88     92   45.12    4428   32.04   18130    1.44    0.46    0.17
  1015    53045   420471    9.04    9999   20.88    7.92    6.87     92   45.11    4428   32.04   18131    1.16    0.54   -0.02
  1015    53045   420471    9.93    9999   20.87    7.91    6.82     91   45.09    4427   32.04   18129    1.07    0.55    0.05
 -1001    53776   421046    1.03    9999   20.81    7.91    6.38     85   45.05    4429   32.04   18134    0.79    0.61    0.07
  1002    53776   421046    1.99    9999   20.80    7.91    6.41     86   45.04    4428   32.04   18133    0.78    0.64    0.14
  1002    53776   421046    3.04    9999   20.80    7.91    6.33     85   45.04    4429   32.05   18135    0.69    0.55   -0.02
  1003    53776   421046    3.97    9999   20.80    7.91    6.35     85   45.04    4429   32.05   18135    0.60    0.60    0.13
  1004    53776   421046    5.03    9999   20.80    7.91    6.32     85   45.03    4429   32.05   18134    0.72    0.67   -0.01
  1004    53776   421046    5.98    9999   20.79    7.91    6.34     85   45.03    4429   32.05   18135    0.98    0.71    0.12
  1004    53776   421046    7.06    9999   20.79    7.91    6.30     84   45.03    4428   32.04   18133    0.64    0.63    0.03
  1004    53776   421046    8.00    9999   20.79    7.91    6.31     84   45.03    4429   32.05   18135    0.82    0.63   -0.04
  1005    53776   421046    9.02    9999   20.77    7.90    6.24     83   45.01    4428   32.04   18133    0.70    0.62   -0.10
  1005    53776   421046    9.99    9999   20.77    7.90    6.22     83   45.01    4428   32.04   18134    0.72    0.65   -0.05
  1005    53776   421046   11.05    9999   20.76    7.90    6.17     82   45.00    4428   32.04   18133    0.61    0.66   -0.02
  1006    53776   421046   11.97    9999   20.75    7.90    6.12     82   44.98    4428   32.04   18132    0.57    0.82    0.04
  1006    53776   421046   13.03    9999   20.77    7.90    6.16     82   45.01    4428   32.04   18134    0.56    0.69   -0.06
 -0948    55278   421340    0.94    9999   20.82    7.91    6.46     86   45.07    4430   32.06   18141    0.73    0.54    0.01
  0949    55278   421340    2.03    9999   20.82    7.91    6.48     87   45.07    4430   32.05   18140    0.76    0.57    0.03
  0949    55278   421340    3.08    9999   20.81    7.91    6.43     86   45.06    4429   32.05   18138    0.88    0.55    0.08
  0949    55278   421340    4.04    9999   20.81    7.90    6.37     85   45.05    4429   32.05   18137    0.87    0.56    0.09
  0950    55278   421340    4.94    9999   20.80    7.90    6.33     85   45.05    4429   32.05   18137    0.76    0.61   -0.10
  0950    55278   421340    6.00    9999   20.80    7.90    6.30     84   45.04    4429   32.05   18137    0.65    0.64    0.12
  0950    55278   421340    7.02    9999   20.80    7.90    6.29     84   45.04    4429   32.05   18137    0.69    0.62    0.21
  0950    55278   421340    7.94    9999   20.80    7.90    6.26     84   45.04    4429   32.05   18136    0.81    0.67    0.03
  0951    55278   421340    9.03    9999   20.79    7.90    6.24     83   45.04    4429   32.05   18136    0.72    0.67   -0.03
  0951    55278   421340    9.97    9999   20.79    7.89    6.20     83   45.03    4429   32.05   18135    0.85    0.45   -0.02
  0951    55278   421340   10.98    9999   20.78    7.89    6.14     82   45.02    4428   32.04   18134    0.58    0.61    0.10
  0951    55278   421340   12.00    9999   20.76    7.88    6.07     81   45.00    4428   32.04   18133    0.81    0.65   -0.12
  0952    55278   421340   12.99    9999   20.60    7.81    4.98     66   44.78    4422   31.99   18103    0.70    0.94    0.01
  0952    55278   421340   14.04    9999   20.28    7.76    4.26     56   44.49    4423   32.00   18111    0.50    1.38   -0.04
  0953    55278   421340   14.94    9999   20.23    7.74    4.03     53   44.41    4420   31.98   18097    0.50    1.35    0.09
  0953    55278   421340   15.96    9999   20.04    7.64    2.62     35   44.14    4410   31.90   18052    0.37    1.50    0.01
  0954    55278   421340   17.01    9999   19.12    7.52    0.54      7   43.17    4398   31.80   18001    0.10    4.20    0.02
 -0937    56382   420414    1.07    9999   20.75    7.91    6.52     87   45.00    4430   32.05   18140    0.78    0.43   -0.00
  0938    56382   420414    2.02    9999   20.74    7.91    6.47     86   44.99    4429   32.05   18138    0.97    0.39    0.10
  0938    56382   420414    3.03    9999   20.74    7.90    6.41     86   44.99    4429   32.05   18136    0.68    0.56    0.10
  0938    56382   420414    4.03    9999   20.74    7.90    6.41     86   44.99    4429   32.05   18137    0.71    0.57    0.08
  0938    56382   420414    5.08    9999   20.74    7.90    6.41     86   44.98    4429   32.05   18137    0.79    0.54    0.02
  0939    56382   420414    6.05    9999   20.73    7.90    6.38     85   44.98    4429   32.05   18137    0.81    0.60    0.03
  0939    56382   420414    7.05    9999   20.70    7.90    6.33     84   44.95    4429   32.05   18136    0.69    0.50    0.08
  0939    56382   420414    8.09    9999   20.70    7.89    6.28     84   44.95    4429   32.05   18137    0.68    0.47    0.11
  0939    56382   420414    8.94    9999   20.72    7.89    6.27     84   44.97    4429   32.05   18137    0.64    0.50    0.09
  0940    56382   420414   10.04    9999   20.71    7.89    6.25     83   44.96    4429   32.05   18139    0.62    0.53   -0.09
  0940    56382   420414   11.01    9999   20.66    7.89    6.20     83   44.92    4430   32.06   18143    0.54    0.57    0.06
 -0924    57609   418778    1.08    9999   20.92    7.94    6.79     91   45.19    4433   32.08   18153    0.92    0.56   -0.05
  0925    57609   418778    2.00    9999   20.92    7.94    6.78     91   45.19    4433   32.08   18154    0.91    0.59   -0.00
  0925    57609   418778    3.00    9999   20.92    7.94    6.77     91   45.19    4433   32.08   18154    0.84    0.53    0.22
  0925    57609   418778    3.98    9999   20.92    7.94    6.75     90   45.20    4433   32.08   18155    0.99    0.50    0.09
  0925    57609   418778    4.97    9999   20.92    7.94    6.75     90   45.19    4433   32.08   18154    0.96    0.40    0.19
  0926    57609   418778    6.02    9999   20.92    7.94    6.74     90   45.19    4433   32.08   18155    0.90    0.58   -0.04
  0926    57609   418778    6.99    9999   20.92    7.94    6.74     90   45.19    4433   32.08   18154    0.73    0.51    0.02
  0926    57609   418778    7.97    9999   20.92    7.94    6.73     90   45.20    4433   32.08   18155    1.03    0.50    0.06
  0927    57609   418778    9.02    9999   20.92    7.94    6.72     90   45.20    4433   32.08   18154    0.86    0.48    0.01
  0927    57609   418778    9.98    9999   20.91    7.94    6.72     90   45.19    4433   32.08   18153    0.89    0.43   -0.08
  0927    57609   418778   10.97    9999   20.91    7.94    6.73     90   45.19    4433   32.08   18155    1.00    0.44    0.04
  0927    57609   418778   11.95    9999   20.92    7.94    6.72     90   45.20    4433   32.08   18156    0.83    0.49    0.01
  0928    57609   418778   13.01    9999   20.91    7.94    6.72     90   45.19    4433   32.08   18155    0.87    0.50    0.17
  0928    57609   418778   13.96    9999   20.91    7.94    6.72     90   45.19    4433   32.08   18154    0.75    0.48    0.01
 -0911    57977   417149    1.03    9999   20.95    7.95    6.88     92   45.24    4434   32.09   18160    1.03    0.47   -0.08
  0911    57977   417149    2.12    9999   20.95    7.95    6.87     92   45.23    4434   32.09   18158    1.04    0.53   -0.04
  0912    57977   417149    3.07    9999   20.93    7.95    6.83     92   45.20    4433   32.08   18154    0.92    0.60    0.03
  0912    57977   417149    4.03    9999   20.84    7.93    6.78     91   45.12    4433   32.08   18157    0.72    0.33    0.02
  0912    57977   417149    5.02    9999   20.82    7.92    6.75     90   45.10    4433   32.08   18156    0.80    0.34    0.03
  0912    57977   417149    5.99    9999   20.82    7.92    6.74     90   45.10    4433   32.08   18154    0.83    0.41    0.00
  0913    57977   417149    7.05    9999   20.80    7.92    6.74     90   45.08    4433   32.08   18154    0.78    0.28    0.06
  0913    57977   417149    8.01    9999   20.80    7.92    6.74     90   45.08    4433   32.08   18154    0.71    0.35    0.17
  0913    57977   417149    9.11    9999   20.77    7.92    6.74     90   45.05    4433   32.08   18153    0.78    0.31    0.27
  0913    57977   417149   10.09    9999   20.78    7.92    6.74     90   45.06    4433   32.08   18154    0.92    0.28    0.15
  0913    57977   417149   11.10    9999   20.78    7.92    6.73     90   45.06    4433   32.08   18153    0.77    0.34    0.25
  0914    57977   417149   12.01    9999   20.78    7.92    6.73     90   45.06    4433   32.08   18154    0.79    0.37    0.02
  0914    57977   417149   12.96    9999   20.78    7.92    6.73     90   45.06    4433   32.08   18154    0.92    0.30    0.08
  0914    57977   417149   13.90    9999   20.76    7.92    6.74     90   45.04    4433   32.08   18154    0.76    0.41    0.08
  0915    57977   417149   15.06    9999   20.71    7.91    6.73     90   44.99    4433   32.08   18154    0.67    0.29    0.13
  0915    57977   417149   15.93    9999   20.71    7.91    6.72     90   44.99    4433   32.08   18153    0.85    0.23    0.06
  0915    57977   417149   17.03    9999   20.69    7.91    6.69     89   44.98    4433   32.08   18155    0.71    0.39    0.07
  0916    57977   417149   17.97    9999   20.70    7.91    6.68     89   44.98    4432   32.08   18153    0.68    0.21    0.11
 -0851    59083   414891    1.01    9999   20.99    7.97    6.86     92   45.28    4434   32.09   18159    1.17    0.56    0.14
  0851    59083   414891    2.03    9999   20.99    7.97    6.87     92   45.28    4434   32.09   18160    1.01    0.52    0.13
  0852    59083   414891    2.92    9999   20.99    7.97    6.87     92   45.28    4434   32.09   18159    1.07    0.63    0.12
  0852    59083   414891    4.01    9999   20.99    7.97    6.86     92   45.27    4434   32.09   18159    1.02    0.47    0.15
  0852    59083   414891    5.03    9999   20.99    7.98    6.87     92   45.28    4435   32.10   18163    1.04    0.61    0.03
  0852    59083   414891    6.09    9999   20.99    7.98    6.89     92   45.28    4435   32.10   18163    1.24    0.57    0.12
  0853    59083   414891    7.04    9999   20.99    7.98    6.88     92   45.28    4435   32.10   18164    1.29    0.75    0.04
  0853    59083   414891    8.06    9999   20.98    7.98    6.90     93   45.28    4435   32.10   18165    1.25    0.58    0.18
  0853    59083   414891    8.98    9999   20.99    7.98    6.90     93   45.28    4435   32.10   18164    1.17    0.54    0.10
  0853    59083   414891   10.05    9999   20.98    7.98    6.91     93   45.28    4436   32.10   18167    1.60    0.62    0.20
  0854    59083   414891   10.88    9999   20.98    7.98    6.91     93   45.28    4436   32.10   18167    1.05    0.62    0.11
  0854    59083   414891   12.06    9999   20.98    7.98    6.92     93   45.28    4436   32.11   18169    1.31    0.55    0.04
  0854    59083   414891   12.90    9999   20.97    7.98    6.93     93   45.28    4436   32.11   18170    1.13    0.54    0.08
  0854    59083   414891   14.03    9999   20.96    7.98    6.92     93   45.28    4437   32.11   18172    1.33    0.44    0.17
  0855    59083   414891   14.96    9999   20.97    7.98    6.91     93   45.28    4437   32.11   18171    1.06    0.45    0.07
  0855    59083   414891   15.87    9999   20.96    7.98    6.90     93   45.28    4437   32.11   18173    1.45    0.55    0.19
  0856    59083   414891   17.00    9999   20.96    7.98    6.90     93   45.28    4437   32.11   18172    1.21    0.51    0.20
  0856    59083   414891   17.95    9999   20.96    7.98    6.89     92   45.27    4437   32.11   18171    1.11    0.67    0.22
  0856    59083   414891   19.06    9999   20.94    7.98    6.85     92   45.26    4437   32.12   18175    1.04    0.66    0.12
 -0829    61415   412886    0.99    9999   20.77    7.96    6.77     91   45.11    4438   32.12   18179    0.84    0.56   -0.17
  0829    61415   412886    2.00    9999   20.78    7.96    6.77     90   45.11    4438   32.12   18179    0.83    0.50    0.01
  0829    61415   412886    3.02    9999   20.78    7.96    6.76     90   45.12    4438   32.12   18179    0.82    0.57    0.04
  0830    61415   412886    4.04    9999   20.79    7.96    6.76     90   45.12    4438   32.12   18178    1.06    0.41    0.12
  0830    61415   412886    4.99    9999   20.78    7.96    6.76     90   45.12    4439   32.13   18182    0.84    0.38    0.02
  0830    61415   412886    6.03    9999   20.78    7.96    6.75     90   45.12    4439   32.13   18183    0.84    0.53    0.03
  0830    61415   412886    6.96    9999   20.77    7.96    6.76     90   45.12    4439   32.13   18185    1.07    0.50    0.12
  0831    61415   412886    7.92    9999   20.74    7.96    6.80     91   45.11    4441   32.15   18194    0.77    0.51    0.02
 -0817    62410   412252    1.00    9999   20.74    7.98    7.07     95   45.13    4443   32.16   18201    0.89    0.45   -0.10
  0818    62410   412252    1.96    9999   20.74    7.98    7.04     94   45.13    4443   32.16   18202    0.91    0.42    0.16
  0818    62410   412252    3.04    9999   20.75    7.98    7.05     94   45.13    4443   32.16   18202    1.01    0.37    0.09
  0818    62410   412252    4.12    9999   20.75    7.98    7.05     94   45.14    4443   32.16   18203    0.91    0.43    0.10
  0818    62410   412252    5.01    9999   20.74    7.98    7.05     94   45.13    4443   32.16   18203    1.05    0.31    0.06
  0819    62410   412252    6.07    9999   20.75    7.98    7.05     94   45.13    4443   32.16   18202    1.09    0.36    0.02
  0819    62410   412252    7.06    9999   20.75    7.98    7.04     94   45.14    4443   32.16   18201    1.12    0.39    0.02
  0819    62410   412252    7.98    9999   20.75    7.98    7.03     94   45.14    4443   32.16   18204    1.03    0.38   -0.11
  0820    62410   412252    8.97    9999   20.74    7.98    7.02     94   45.13    4444   32.17   18205    0.97    0.32   -0.02
  0820    62410   412252   10.02    9999   20.73    7.98    7.01     94   45.13    4444   32.17   18207    1.01    0.41    0.14
  0820    62410   412252   11.03    9999   20.72    7.97    7.00     94   45.12    4445   32.18   18210    0.98    0.37    0.05
  0820    62410   412252   11.94    9999   20.64    7.98    7.01     94   45.08    4447   32.20   18222    0.87    0.34    0.04
  0821    62410   412252   12.94    9999   20.55    7.98    7.04     94   45.02    4450   32.22   18235    0.80    0.44    0.02
  0821    62410   412252   13.91    9999   20.52    7.99    7.09     94   45.00    4450   32.22   18237    0.82    0.31    0.05
  0822    62410   412252   14.94    9999   20.50    7.99    7.14     95   44.98    4450   32.22   18235    0.55    0.31   -0.00
  0822    62410   412252   15.93    9999   20.45    8.00    7.18     95   44.93    4450   32.22   18238    0.61    0.42    0.09
 -0752    65345   412095    0.98    9999   20.83    7.98    6.85     92   45.12    4434   32.09   18160    1.28    0.56    0.14
  0758    65345   412095    1.98    9999   20.82    7.98    6.85     92   45.12    4435   32.09   18162    1.21    0.46    0.22
  0759    65345   412095    3.04    9999   20.83    7.98    6.84     91   45.13    4435   32.10   18165    1.32    0.47    0.10
  0759    65345   412095    4.08    9999   20.82    7.98    6.83     91   45.13    4435   32.10   18166    1.28    0.58    0.09
  0759    65345   412095    5.06    9999   20.83    7.97    6.83     91   45.14    4436   32.11   18171    1.07    0.48    0.13
  0759    65345   412095    5.93    9999   20.79    7.97    6.83     91   45.24    4449   32.21   18232    0.88    0.36   -0.07
  0760    65345   412095    7.07    9999   20.73    7.97    6.86     92   45.22    4453   32.24   18250    0.85    0.35    0.14
  0801    65345   412095    7.91    9999   20.64    7.98    7.03     94   45.14    4453   32.25   18251    0.81    0.35    0.08
  0802    65345   412095    9.03    9999   20.66    7.98    7.06     94   45.17    4454   32.25   18254    1.00    0.29    0.17
  0803    65345   412095   10.02    9999   20.60    7.98    7.09     95   45.10    4453   32.25   18251    0.78    0.24   -0.08
 -0745    66387   411618    0.92    9999   20.89    7.95    6.77     91   45.20    4436   32.11   18169    1.03    0.44    0.06
  0745    66387   411618    2.05    9999   20.89    7.95    6.76     90   45.20    4436   32.11   18170    1.06    0.43    0.13
  0746    66387   411618    3.04    9999   20.89    7.95    6.75     90   45.20    4436   32.11   18170    1.12    0.43    0.06
  0746    66387   411618    4.02    9999   20.88    7.94    6.70     90   45.19    4437   32.11   18171    0.99    0.42    0.04
  0746    66387   411618    4.98    9999   20.88    7.94    6.69     90   45.20    4437   32.11   18172    0.93    0.33   -0.00
  0746    66387   411618    6.01    9999   20.88    7.94    6.69     90   45.20    4437   32.11   18172    0.96    0.41    0.05
 -0737    67473   411371    1.04    9999   20.85    8.02    7.08     95   45.05    4425   32.02   18119    2.00    0.92    0.17
  0737    67473   411371    1.99    9999   20.84    8.02    7.12     95   45.03    4424   32.01   18114    1.82    0.83    0.08
  0738    67473   411371    3.06    9999   20.84    8.02    7.12     95   45.04    4425   32.01   18116    1.95    0.86    0.05
  0738    67473   411371    4.12    9999   20.84    8.02    7.10     95   45.04    4425   32.02   18117    2.00    0.95    0.12
  0738    67473   411371    5.03    9999   20.84    8.02    7.10     95   45.04    4425   32.02   18117    2.04    0.83    0.08
  0738    67473   411371    6.02    9999   20.85    8.02    7.09     95   45.05    4425   32.02   18117    2.04    0.90    0.23
  0739    67473   411371    7.08    9999   20.85    8.01    7.07     95   45.06    4426   32.02   18121    1.84    0.80    0.29
  0739    67473   411371    8.02    9999   20.85    8.01    7.02     94   45.10    4430   32.05   18139    1.62    0.66    0.13
  0739    67473   411371    9.07    9999   20.76    8.00    6.91     92   45.05    4433   32.08   18157    1.36    0.47    0.06
  0739    67473   411371   10.01    9999   20.68    7.97    6.64     89   45.02    4438   32.12   18178    1.31    0.55    0.20
 -0727    68881   411192    0.93    9999   20.93    8.01    7.07     95   44.92    4405   31.86   18024    2.23    0.99    0.32
  0728    68881   411192    2.10    9999   20.93    8.01    7.04     94   44.93    4406   31.86   18026    2.39    0.93    0.17
  0728    68881   411192    2.97    9999   20.93    8.01    7.03     94   44.92    4405   31.86   18025    2.27    0.90    0.17
  0728    68881   411192    4.06    9999   20.94    8.01    7.01     94   44.97    4409   31.89   18041    2.44    0.93    0.26
  0729    68881   411192    4.97    9999   20.90    7.99    6.58     88   45.15    4429   32.05   18138    1.41    0.88    0.03
  0729    68881   411192    6.01    9999   20.86    8.00    6.58     88   45.12    4430   32.06   18142    1.46    0.68    0.18
  0729    68881   411192    6.99    9999   20.80    8.02    6.86     92   45.09    4434   32.09   18158    1.41    0.73   -0.01
  0730    68881   411192    8.02    9999   20.80    8.00    6.66     89   45.13    4437   32.11   18174    1.32    0.80    0.09
  0730    68881   411192    9.14    9999   20.71    8.03    6.74     90   45.10    4443   32.17   18205    1.20    0.86    0.02
  0730    68881   411192   10.03    9999   20.64    8.04    6.91     92   45.07    4446   32.19   18219    1.21    0.94    0.08
 -0722    69226   411002    0.94    9999   20.90    8.01    7.07     94   44.84    4399   31.81   17996    2.19    0.97    0.48
  0723    69226   411002    2.00    9999   20.89    8.01    7.02     94   44.80    4397   31.79   17988    2.31    1.05    0.07
  0723    69226   411002    2.99    9999   20.89    8.01    6.99     93   44.81    4397   31.79   17988    2.20    1.11    0.12
  0724    69226   411002    4.02    9999   20.89    8.01    6.99     93   44.80    4397   31.79   17987    2.34    0.96    0.06
  0724    69226   411002    4.99    9999   20.86    8.00    6.79     91   44.81    4400   31.82   18001    2.18    1.04    0.28
