# MEETVAARTUIG         : MILIEUCONTAINER
# MEETDATUM            : 05-08-2026 14:09:05
# MEETGEBIED           : ZEELAND
# STARTPUNT            : BRUINISSE
# EINDPUNT             : BRUINISSE
# PROJECTCODE          : GTS-VERTIKALEN
# OPDRACHTGEVER        : WVL
# BEHEERDER            : MOBIEL METEN
# BEMONST. INST        : []
# WAARNEMER(S)         : Damen
#
* 20260805
$ 9999 [00000000000000000000]
>TIJD       uumm                         
>X          coordinaat                   
>Y          coordinaat                   
>SENSHTE    Diepte set           m       
>Echms      Echoset              mtrs    
>Temp       Temperatuur          oC      
>pH         Zuurgraad            pH      
>O2         Zuurstof             mg/l    
>%O2        Zuurstof%            %       
>GELBH      Geleidendheid        mS/cm   
>GELDHD     Geleidendheid        ???     
>SALNTT     Saliniteit           dimsl   
>CL-        Chloride             mg/l    
>CHLFRFU    Chlorofyl            RFU     
>TROEBHFNU  Troebelheid          FNU     
>PHYCOUGL   Phycocyanine         ug/l    
 -1409    47588   418806    1.04    9999   22.10    7.95    6.06     84   46.37    4438   32.12   18169    0.51    1.06    0.02
  1410    47588   418806    2.04    9999   22.07    7.94    5.99     83   46.34    4438   32.12   18170    0.68    1.21   -0.11
  1411    47588   418806    2.99    9999   22.05    7.94    5.99     83   46.32    4437   32.12   18169    1.03    1.13   -0.17
  1411    47588   418806    3.97    9999   22.06    7.95    5.96     82   46.32    4438   32.12   18169    0.84    1.20    0.22
  1411    47588   418806    5.03    9999   22.06    7.95    6.01     83   46.33    4438   32.12   18170    0.89    1.24    0.07
  1412    47588   418806    5.98    9999   22.08    7.95    6.03     83   46.35    4437   32.11   18169    0.96    1.16    0.19
  1412    47588   418806    7.05    9999   22.08    7.95    6.05     84   46.35    4438   32.12   18169    0.95    1.04   -0.00
  1412    47588   418806    8.03    9999   21.66    7.89    5.45     75   45.98    4441   32.14   18186    0.55    1.30   -0.08
  1413    47588   418806    9.00    9999   21.48    7.86    4.93     67   45.78    4438   32.12   18177    0.43    0.95   -0.02
 -1418    47948   418393    0.97    9999   22.13    7.96    6.27     87   46.40    4437   32.12   18169    0.98    0.89   -0.02
  1418    47948   418393    2.05    9999   22.14    7.97    6.31     87   46.40    4438   32.12   18170    1.21    0.87    0.05
  1418    47948   418393    3.00    9999   22.14    7.97    6.34     87   46.40    4438   32.12   18170    1.39    0.89    0.06
  1418    47948   418393    3.99    9999   22.12    7.97    6.31     87   46.38    4438   32.12   18170    1.25    0.92    0.34
  1419    47948   418393    4.98    9999   22.10    7.96    6.29     87   46.37    4438   32.12   18172    1.20    1.08    0.13
  1419    47948   418393    5.93    9999   22.08    7.96    6.24     86   46.35    4438   32.12   18172    1.06    1.12    0.04
  1419    47948   418393    7.05    9999   22.09    7.96    6.21     86   46.36    4438   32.12   18170    1.15    0.97   -0.03
  1420    47948   418393    7.95    9999   21.98    7.93    5.64     78   46.26    4438   32.12   18174    0.82    0.99    0.14
  1421    47948   418393    8.96    9999   21.70    7.89    5.60     77   46.03    4441   32.15   18190    0.83    0.93   -0.20
  1421    47948   418393   10.00    9999   21.21    7.81    4.45     60   45.53    4439   32.13   18180    0.35    0.84    0.02
  1421    47948   418393   10.94    9999   21.13    7.80    4.26     58   45.46    4439   32.13   18182    0.35    0.84   -0.13
  1422    47948   418393   12.03    9999   20.74    7.75    3.81     51   45.08    4438   32.12   18180    0.18    0.93   -0.32
  1422    47948   418393   12.97    9999   20.43    7.72    3.43     46   44.78    4437   32.12   18178    0.18    0.95    0.01
  1423    47948   418393   14.01    9999   19.58    7.63    2.28     30   44.00    4439   32.13   18191    0.24    0.86    0.01
  1423    47948   418393   14.98    9999   18.93    7.53    0.71      9   43.26    4426   32.03   18132    0.06    2.57    0.01
  1424    47948   418393   16.03    9999   16.84    7.50    0.41      5   41.23    4416   31.95   18098    0.09    2.30    0.09
  1424    47948   418393   16.99    9999   15.40    7.45    0.29      4   39.89    4413   31.93   18089    0.07    1.04   -0.05
 -1436    48754   418208    1.03    9999   22.25    7.98    6.56     91   46.50    4438   32.12   18168    1.19    1.09    0.02
  1436    48754   418208    2.05    9999   22.19    7.98    6.49     90   46.44    4437   32.11   18166    1.19    1.12    0.12
  1437    48754   418208    2.97    9999   22.21    7.98    6.46     89   46.46    4436   32.11   18163    1.40    1.06    0.09
  1437    48754   418208    3.92    9999   22.16    7.98    6.44     89   46.41    4437   32.11   18164    1.50    1.11    0.09
  1438    48754   418208    5.02    9999   22.11    7.97    6.36     88   46.36    4437   32.11   18165    1.13    1.31    0.01
  1438    48754   418208    6.00    9999   22.15    7.98    6.39     88   46.40    4437   32.11   18164    1.34    1.34   -0.04
  1438    48754   418208    6.95    9999   22.09    7.97    6.29     87   46.35    4437   32.11   18168    1.07    1.36    0.07
  1439    48754   418208    8.03    9999   22.04    7.97    6.30     87   46.30    4437   32.11   18168    0.94    1.24    0.03
  1440    48754   418208    9.00    9999   21.47    7.85    4.84     66   45.81    4442   32.15   18193    0.33    0.81    0.09
  1440    48754   418208    9.96    9999   21.31    7.82    4.51     61   45.65    4441   32.14   18188    0.28    0.72    0.00
  1440    48754   418208   10.96    9999   21.38    7.82    4.42     60   45.71    4441   32.14   18188    0.36    0.81    0.06
  1441    48754   418208   12.02    9999   21.20    7.80    4.26     58   45.53    4440   32.14   18187    0.30    0.94    0.03
  1441    48754   418208   12.98    9999   20.92    7.77    3.97     54   45.25    4438   32.12   18176    0.17    0.96    0.01
  1442    48754   418208   14.02    9999   20.53    7.72    3.19     43   44.77    4428   32.04   18132    0.14    0.89    0.04
  1442    48754   418208   15.01    9999   19.57    7.62    1.96     26   43.87    4427   32.04   18134    0.16    0.83   -0.14
  1443    48754   418208   15.95    9999   18.21    7.53    0.61      8   42.51    4418   31.96   18097    0.13    4.42    0.02
  1443    48754   418208   16.96    9999   15.63    7.48    0.34      4   40.14    4417   31.96   18110    0.07    1.50    0.11
  1444    48754   418208   18.09    9999   15.11    7.45    0.26      3   39.66    4416   31.96   18107    0.12    1.07   -0.09
  1444    48754   418208   19.01    9999   14.84    7.44    0.23      3   39.33    4407   31.89   18067    0.11    0.83    0.04
  1445    48754   418208   19.98    9999   14.75    7.43    0.21      3   39.26    4409   31.89   18073    0.10    0.65    0.11
  1445    48754   418208   21.00    9999   14.59    7.42    0.19      2   39.10    4407   31.88   18067    0.04    0.63   -0.00
  1446    48754   418208   22.06    9999   14.45    7.42    0.16      2   38.98    4408   31.89   18070    0.13    0.59    0.02
  1446    48754   418208   23.03    9999   14.32    7.41    0.15      2   38.85    4406   31.87   18060    0.08    0.48    0.07
  1447    48754   418208   23.95    9999   14.30    7.41    0.14      2   38.82    4405   31.87   18059    0.09    0.54    0.13
  1447    48754   418208   25.10    9999   14.26    7.40    0.14      2   38.79    4405   31.87   18060    0.10    0.61    0.03
  1448    48754   418208   26.02    9999   14.25    7.40    0.13      2   38.78    4405   31.87   18060    0.02    0.51    0.01
  1448    48754   418208   27.02    9999   14.26    7.40    0.13      2   38.79    4406   31.87   18061    0.01    0.48    0.12
  1449    48754   418208   27.96    9999   14.02    7.39    0.13      2   38.58    4406   31.87   18063   -0.01    0.45   -0.02
  1449    48754   418208   29.08    9999   13.70    7.38    0.12      1   38.30    4407   31.88   18068    0.07    0.34    0.06
  1450    48754   418208   29.96    9999   13.36    7.37    0.12      1   38.01    4407   31.88   18072    0.13    0.41    0.11
  1450    48754   418208   31.04    9999   13.08    7.36    0.11      1   37.76    4407   31.89   18074    0.13    0.35    0.02
  1451    48754   418208   32.06    9999   12.10    7.31    0.10      1   36.93    4413   31.94   18106    0.03    0.40    0.07
  1451    48754   418208   33.00    9999   10.67    7.24    0.10      1   35.71    4418   31.97   18133    0.01    0.46    0.21
  1452    48754   418208   34.04    9999   10.09    7.21    0.09      1   35.17    4415   31.96   18126    0.09    0.47    0.19
  1456    48754   418208   34.98    9999    9.59    7.18    0.08      1   34.74    4415   31.95   18124    0.14    0.55    0.12
  1456    48754   418208   36.04    9999    9.22    7.17    0.08      1   34.46    4420   32.00   18153    0.09    0.62    0.20
  1457    48754   418208   37.07    9999    9.16    7.16    0.07      1   34.40    4419   31.99   18147    0.11    0.62    0.10
  1457    48754   418208   37.94    9999    9.09    7.16    0.07      1   34.35    4421   32.00   18154    0.03    0.59    0.15
  1458    48754   418208   38.89    9999    9.06    7.15    0.07      1   34.31    4419   31.99   18149    0.03    0.67    0.09
  1459    48754   418208   39.99    9999    9.05    7.15    0.07      1   34.30    4420   31.99   18150    0.09    0.54    0.37
 -1350    49755   418276    0.97    9999   22.32    7.99    6.62     92   46.57    4437   32.11   18166    0.87    0.88    0.06
  1350    49755   418276    2.05    9999   22.33    7.99    6.63     92   46.58    4437   32.11   18166    1.32    1.03    0.13
  1350    49755   418276    2.99    9999   22.31    7.99    6.63     92   46.56    4438   32.12   18168    1.44    1.05    0.04
  1351    49755   418276    4.05    9999   22.30    7.99    6.65     92   46.55    4437   32.11   18167    1.28    1.04    0.11
  1351    49755   418276    5.02    9999   22.27    7.99    6.60     91   46.53    4437   32.11   18167    1.18    1.11    0.05
  1351    49755   418276    5.99    9999   22.27    7.99    6.60     91   46.53    4438   32.12   18169    1.21    1.05   -0.20
  1352    49755   418276    6.99    9999   22.27    7.99    6.54     91   46.52    4438   32.12   18168    1.10    0.99   -0.09
  1352    49755   418276    8.03    9999   22.25    7.98    6.53     90   46.51    4438   32.12   18170    1.10    0.95   -0.04
  1352    49755   418276    8.96    9999   22.25    7.98    6.51     90   46.50    4438   32.12   18169    1.15    1.17    0.07
  1353    49755   418276   10.05    9999   22.18    7.97    6.38     88   46.45    4439   32.12   18173    0.97    1.00   -0.10
  1354    49755   418276   10.98    9999   22.10    7.96    6.16     85   46.39    4440   32.13   18178    0.96    1.00   -0.05
  1354    49755   418276   12.05    9999   21.63    7.88    5.16     71   45.97    4443   32.16   18196    0.43    1.04   -0.17
  1355    49755   418276   13.01    9999   21.27    7.83    4.56     62   45.60    4440   32.14   18186    0.34    1.08   -0.12
  1355    49755   418276   13.99    9999   20.77    7.77    3.89     52   45.12    4439   32.13   18183    0.20    1.19    0.07
  1356    49755   418276   15.02    9999   20.59    7.73    3.53     47   44.89    4434   32.09   18162    0.23    0.94    0.09
  1357    49755   418276   16.05    9999   19.94    7.66    2.60     34   44.24    4430   32.05   18143    0.17    0.82   -0.16
 -1330    50743   418383    1.01    9999   22.49    8.02    7.01     97   46.74    4438   32.12   18170    1.46    0.87    0.14
  1330    50743   418383    1.94    9999   22.47    8.02    7.00     97   46.73    4439   32.12   18172    1.56    1.00    0.14
  1331    50743   418383    2.92    9999   22.44    8.01    6.96     97   46.69    4438   32.12   18169    1.66    1.06    0.14
  1331    50743   418383    3.98    9999   22.43    8.01    6.94     96   46.68    4438   32.12   18170    1.49    1.11    0.15
  1331    50743   418383    5.04    9999   22.40    8.01    6.91     96   46.66    4438   32.12   18169    1.35    1.01    0.14
  1332    50743   418383    6.01    9999   22.39    8.01    6.89     96   46.65    4439   32.12   18172    1.66    0.98    0.17
  1332    50743   418383    6.99    9999   22.34    8.00    6.82     95   46.60    4438   32.12   18170    1.75    1.00   -0.09
  1333    50743   418383    7.99    9999   22.31    8.00    6.76     94   46.57    4438   32.12   18170    1.77    0.98    0.10
  1333    50743   418383    8.98    9999   22.30    8.00    6.72     93   46.56    4438   32.12   18172    1.12    1.02   -0.03
  1333    50743   418383    9.97    9999   22.29    8.00    6.69     93   46.56    4439   32.13   18175    1.18    1.07    0.10
  1333    50743   418383   11.04    9999   22.28    7.99    6.66     92   46.56    4440   32.13   18178    1.09    0.98    0.12
  1334    50743   418383   12.03    9999   22.27    7.99    6.62     92   46.56    4440   32.14   18181    1.02    0.98    0.12
  1334    50743   418383   12.99    9999   22.25    7.99    6.55     91   46.55    4441   32.14   18185    1.34    0.94    0.08
  1335    50743   418383   13.98    9999   21.35    7.85    4.88     67   45.69    4441   32.15   18191    0.36    0.93   -0.18
  1335    50743   418383   15.03    9999   20.25    7.70    3.28     44   44.55    4432   32.07   18153    0.13    0.86    0.06
  1336    50743   418383   16.01    9999   19.99    7.67    2.90     39   44.29    4430   32.06   18147    0.24    0.79   -0.14
  1336    50743   418383   17.00    9999   18.46    7.52    0.57      7   42.78    4421   31.99   18114    0.06    1.25   -0.05
  1337    50743   418383   18.12    9999   16.27    7.50    0.38      5   40.74    4419   31.98   18115    0.14    1.67    0.16
  1337    50743   418383   19.00    9999   15.81    7.48    0.28      3   40.29    4416   31.95   18103    0.06    1.57    0.02
  1338    50743   418383   19.96    9999   15.41    7.46    0.25      3   39.89    4412   31.92   18085    0.04    1.23   -0.12
  1339    50743   418383   20.89    9999   15.02    7.44    0.19      2   39.50    4408   31.89   18070   -0.02    1.04   -0.00
  1340    50743   418383   21.05    9999   14.97    7.44    0.17      2   39.45    4408   31.89   18067    0.09    0.97    0.19
  1341    50743   418383   22.07    9999   14.82    7.43    0.15      2   39.31    4407   31.88   18064    0.04    0.78    0.21
  1342    50743   418383   22.93    9999   14.72    7.43    0.14      2   39.22    4407   31.88   18066    0.03    0.64    0.17
  1342    50743   418383   24.04    9999   14.52    7.42    0.13      2   39.03    4406   31.88   18064    0.12    0.54    0.02
  1342    50743   418383   25.10    9999   14.31    7.42    0.13      2   38.84    4406   31.87   18061    0.17    0.53    0.21
  1343    50743   418383   26.05    9999   14.31    7.42    0.13      2   38.83    4406   31.87   18060    0.02    0.36    0.04
 -1308    51644   418683    0.94    9999   22.63    8.03    7.18    100   46.96    4446   32.19   18207    1.47    0.91   -0.13
  1309    51644   418683    1.99    9999   22.63    8.01    7.06     98   46.96    4446   32.19   18207    1.28    0.88    0.11
  1309    51644   418683    2.96    9999   22.63    8.01    7.03     98   46.96    4446   32.19   18207    1.31    0.84    0.06
  1309    51644   418683    3.99    9999   22.63    8.02    7.02     98   46.96    4446   32.19   18207    1.40    1.00    0.18
  1310    51644   418683    5.06    9999   22.61    8.02    7.05     98   46.94    4447   32.19   18208    1.26    0.95    0.00
  1310    51644   418683    6.06    9999   22.61    8.02    7.05     98   46.94    4447   32.19   18208    1.18    0.92    0.06
  1310    51644   418683    6.93    9999   22.62    8.02    7.04     98   46.95    4447   32.19   18208    1.31    1.05   -0.00
  1311    51644   418683    8.02    9999   22.58    8.02    7.04     98   46.91    4447   32.19   18209    1.18    0.88    0.00
  1311    51644   418683    9.00    9999   22.53    8.01    7.00     97   46.89    4448   32.20   18215    0.97    0.90    0.18
  1311    51644   418683    9.95    9999   22.53    8.01    6.85     95   46.88    4448   32.20   18214    1.04    1.10    0.08
  1312    51644   418683   11.06    9999   22.48    8.00    6.78     94   46.84    4449   32.21   18221    0.82    0.94   -0.00
  1312    51644   418683   12.00    9999   22.47    8.00    6.72     93   46.85    4451   32.22   18229    0.96    0.98    0.06
  1312    51644   418683   13.00    9999   22.46    8.00    6.69     93   46.85    4451   32.22   18230    0.95    1.29   -0.11
  1313    51644   418683   14.03    9999   22.44    7.99    6.69     93   46.83    4452   32.23   18233    0.79    1.48   -0.23
  1313    51644   418683   14.97    9999   21.97    7.92    5.75     79   46.37    4450   32.22   18228    0.57    1.03    0.07
  1314    51644   418683   16.00    9999   20.61    7.75    3.39     45   44.94    4436   32.11   18171    0.48    0.96   -0.25
  1315    51644   418683   17.04    9999   19.49    7.65    2.66     35   43.95    4443   32.16   18209    0.19    1.16    0.09
  1315    51644   418683   18.04    9999   18.14    7.53    0.59      8   42.49    4422   32.00   18119    0.09    2.02   -0.08
  1316    51644   418683   19.05    9999   16.87    7.54    0.38      5   41.32    4422   32.00   18126    0.12    1.49    0.01
  1316    51644   418683   20.04    9999   15.74    7.51    0.30      4   40.20    4413   31.93   18090    0.13    1.02    0.03
  1316    51644   418683   20.97    9999   15.36    7.49    0.27      3   39.85    4412   31.92   18086    0.09    1.13    0.10
  1317    51644   418683   21.95    9999   15.05    7.48    0.24      3   39.55    4411   31.91   18082    0.11    0.69    0.04
  1317    51644   418683   23.04    9999   14.80    7.47    0.22      3   39.32    4410   31.91   18080    0.02    0.76    0.06
  1317    51644   418683   24.11    9999   14.61    7.46    0.21      2   39.13    4408   31.89   18069    0.05    0.59    0.09
  1318    51644   418683   24.90    9999   14.47    7.47    0.19      2   39.01    4409   31.90   18078    0.05    0.61    0.00
  1319    51644   418683   26.03    9999   14.33    7.47    0.17      2   38.86    4407   31.88   18066   -0.05    0.40   -0.16
  1319    51644   418683   27.07    9999   14.24    7.46    0.17      2   38.78    4407   31.88   18066    0.02    0.54    0.10
  1319    51644   418683   28.01    9999   14.14    7.45    0.16      2   38.69    4406   31.88   18065    0.04    0.40    0.03
  1320    51644   418683   28.97    9999   14.01    7.44    0.15      2   38.56    4406   31.87   18063   -0.02    0.28    0.00
  1320    51644   418683   30.02    9999   13.94    7.43    0.15      2   38.51    4406   31.87   18063    0.09    0.27    0.17
  1321    51644   418683   30.98    9999   13.83    7.42    0.13      2   38.40    4405   31.87   18061    0.06    0.34    0.04
  1322    51644   418683   32.00    9999   13.24    7.38    0.13      2   37.84    4401   31.84   18046   -0.04    0.33    0.15
  1323    51644   418683   32.87    9999   12.64    7.32    0.12      1   37.32    4404   31.86   18059    0.14    0.39    0.18
  1323    51644   418683   34.01    9999   12.36    7.30    0.12      1   37.09    4404   31.87   18064    0.09    0.37    0.12
 -1254    52940   420303    1.06    9999   22.27    7.96    6.41     89   46.65    4450   32.21   18226    0.74    0.72    0.03
  1254    52940   420303    1.97    9999   22.27    7.96    6.43     89   46.65    4450   32.22   18227    0.88    0.68   -0.06
  1254    52940   420303    3.03    9999   22.26    7.96    6.43     89   46.65    4450   32.22   18227    1.07    0.73   -0.06
  1255    52940   420303    3.99    9999   22.26    7.96    6.44     89   46.65    4450   32.22   18228    1.05    0.78    0.22
  1255    52940   420303    5.00    9999   22.25    7.96    6.44     89   46.65    4451   32.23   18232    1.11    0.73    0.02
  1255    52940   420303    5.98    9999   22.25    7.97    6.44     89   46.65    4451   32.23   18233    0.92    0.75    0.07
  1256    52940   420303    6.97    9999   22.28    7.97    6.48     90   46.69    4452   32.23   18234    0.94    0.68    0.04
  1256    52940   420303    8.08    9999   22.25    7.96    6.43     89   46.66    4452   32.23   18237    0.81    0.75   -0.05
  1256    52940   420303    8.98    9999   22.17    7.95    6.28     87   46.58    4452   32.24   18238    0.76    0.69   -0.07
  1257    52940   420303    9.96    9999   21.85    7.89    5.49     75   46.26    4451   32.22   18232    0.47    1.34   -0.05
 -1240    53735   421058    0.92    9999   22.81    7.99    6.74     94   47.24    4456   32.27   18252    0.68    0.62    0.10
  1241    53735   421058    1.96    9999   22.81    8.00    6.76     95   47.24    4456   32.27   18253    1.18    0.64   -0.12
  1241    53735   421058    2.98    9999   22.80    8.00    6.75     94   47.23    4456   32.27   18253    1.23    0.54    0.07
  1242    53735   421058    3.92    9999   22.76    7.99    6.73     94   47.19    4456   32.26   18252    0.90    0.65    0.09
  1242    53735   421058    5.11    9999   22.74    7.99    6.73     94   47.18    4458   32.28   18260    0.94    0.54    0.01
  1242    53735   421058    5.98    9999   22.70    7.98    6.59     92   47.14    4456   32.27   18253    0.81    0.59    0.11
  1243    53735   421058    6.96    9999   22.68    7.98    6.52     91   47.12    4456   32.27   18253    0.91    0.49   -0.07
  1243    53735   421058    8.02    9999   22.63    7.98    6.53     91   47.07    4456   32.27   18254    0.85    0.72   -0.07
  1243    53735   421058    9.06    9999   22.63    7.98    6.56     91   47.07    4456   32.27   18255    1.05    0.66    0.00
  1244    53735   421058    9.99    9999   22.41    7.96    6.41     89   46.86    4456   32.27   18254    0.56    0.55   -0.19
  1244    53735   421058   11.02    9999   22.32    7.95    6.09     84   46.75    4454   32.25   18247    0.59    0.58    0.09
  1245    53735   421058   12.01    9999   21.87    7.88    5.26     72   46.30    4452   32.24   18241    0.53    0.82   -0.05
  1245    53735   421058   13.00    9999   21.57    7.85    4.72     65   45.98    4449   32.21   18228    0.47    0.91    0.10
  1245    53735   421058   13.97    9999   21.27    7.82    4.45     60   45.68    4448   32.20   18221    0.32    0.89    0.02
  1246    53735   421058   14.97    9999   21.00    7.79    4.26     58   45.46    4451   32.23   18238    0.26    1.09   -0.19
  1246    53735   421058   16.03    9999   20.78    7.74    3.41     46   45.18    4444   32.17   18207    0.20    1.62   -0.18
 -1224    55197   421363    0.93    9999   22.90    8.00    6.79     95   47.33    4456   32.26   18251    0.97    0.63    0.05
  1225    55197   421363    2.04    9999   22.91    8.00    6.80     95   47.34    4456   32.27   18253    1.17    0.56    0.23
  1225    55197   421363    2.96    9999   22.92    8.00    6.77     95   47.34    4456   32.27   18252    1.05    0.64    0.20
  1225    55197   421363    3.94    9999   22.91    8.00    6.79     95   47.34    4456   32.27   18252    1.37    0.46   -0.07
  1226    55197   421363    5.01    9999   22.84    8.00    6.79     95   47.27    4456   32.26   18252    1.18    0.56    0.07
  1226    55197   421363    6.03    9999   22.89    8.00    6.73     94   47.31    4456   32.27   18252    1.16    0.70    0.02
  1226    55197   421363    7.00    9999   22.84    7.99    6.72     94   47.26    4456   32.26   18251    0.94    0.65    0.13
  1227    55197   421363    7.99    9999   22.70    7.98    6.62     92   47.13    4456   32.26   18251    0.77    0.47    0.01
  1227    55197   421363    8.92    9999   22.69    7.98    6.58     92   47.11    4455   32.26   18249    0.75    0.51   -0.06
  1228    55197   421363   10.08    9999   22.70    7.98    6.56     92   47.12    4455   32.26   18250    1.25    1.05    0.27
  1228    55197   421363   11.07    9999   22.68    7.98    6.55     91   47.10    4455   32.26   18250    0.67    0.49   -0.09
  1228    55197   421363   11.90    9999   22.67    7.98    6.54     91   47.10    4456   32.26   18251    0.75    0.49    0.08
  1229    55197   421363   12.98    9999   22.56    7.97    6.44     90   46.99    4455   32.26   18248    0.60    0.53   -0.12
  1229    55197   421363   14.00    9999   22.55    7.96    6.33     88   46.98    4455   32.26   18250    0.63    0.47   -0.08
  1229    55197   421363   14.98    9999   22.54    7.96    6.30     88   46.97    4455   32.26   18250    0.60    0.55   -0.08
  1230    55197   421363   15.98    9999   22.38    7.93    5.94     82   46.81    4455   32.25   18248    0.52    0.59   -0.07
  1230    55197   421363   17.01    9999   21.77    7.86    4.79     66   46.17    4450   32.22   18229    0.39    0.82    0.05
  1231    55197   421363   17.94    9999   20.87    7.75    3.58     48   45.27    4445   32.17   18209    0.20    1.25   -0.19
  1231    55197   421363   19.01    9999   20.80    7.74    3.36     45   45.20    4444   32.17   18208    0.19    1.35    0.06
  1232    55197   421363   20.04    9999   20.71    7.72    3.17     43   45.10    4444   32.17   18206    0.16    1.45    0.01
  1232    55197   421363   20.91    9999   20.56    7.68    2.67     36   44.97    4444   32.17   18206    0.11    1.94   -0.00
  1233    55197   421363   22.00    9999   20.48    7.67    2.42     32   44.89    4443   32.17   18205    0.19    2.58   -0.11
 -1212    56350   420411    1.00    9999   23.03    7.99    6.56     92   47.47    4459   32.29   18263    1.06    0.52    0.07
  1212    56350   420411    1.96    9999   23.02    7.99    6.53     92   47.47    4459   32.29   18263    1.19    0.60    0.08
  1213    56350   420411    3.03    9999   23.01    7.98    6.47     91   47.45    4459   32.29   18263    0.97    0.62    0.20
  1213    56350   420411    3.99    9999   23.01    7.98    6.45     91   47.46    4459   32.29   18263    0.92    0.74    0.01
  1213    56350   420411    5.05    9999   23.00    7.98    6.45     91   47.45    4458   32.28   18262    0.84    0.52   -0.05
  1214    56350   420411    6.05    9999   23.00    7.98    6.45     90   47.45    4458   32.28   18262    0.76    0.46    0.04
  1214    56350   420411    7.02    9999   23.02    7.98    6.44     90   47.46    4459   32.29   18264    0.87    0.55    0.12
  1214    56350   420411    7.97    9999   22.95    7.98    6.42     90   47.38    4457   32.27   18256    0.61    0.50   -0.00
  1215    56350   420411    9.00    9999   22.91    7.98    6.30     88   47.33    4456   32.26   18249    0.47    0.46    0.12
  1215    56350   420411   10.02    9999   22.81    7.97    6.27     88   47.23    4456   32.26   18249    0.47    0.46    0.01
  1216    56350   420411   11.02    9999   22.69    7.95    5.93     83   47.12    4456   32.27   18254    0.32    0.57    0.04
  1216    56350   420411   11.99    9999   22.44    7.93    5.75     80   46.89    4456   32.27   18256    0.43    0.58    0.05
  1217    56350   420411   12.96    9999   21.45    7.84    4.98     68   45.87    4450   32.22   18232    0.35    0.82   -0.15
 -1156    57580   418859    1.00    9999   23.37    8.03    7.11    100   47.85    4463   32.32   18281    1.85    0.75    0.11
  1156    57580   418859    2.04    9999   23.37    8.03    7.11    100   47.85    4463   32.32   18282    1.86    0.64    0.10
  1156    57580   418859    2.96    9999   23.37    8.03    7.11    100   47.85    4463   32.32   18283    1.78    0.64    0.03
  1157    57580   418859    4.03    9999   23.37    8.03    7.12    101   47.85    4463   32.32   18283    1.57    0.72    0.01
  1157    57580   418859    5.10    9999   23.36    8.03    7.10    100   47.85    4464   32.33   18285    1.63    0.80    0.07
  1158    57580   418859    6.03    9999   23.34    8.03    7.09    100   47.83    4464   32.33   18284    2.16    0.68    0.12
  1158    57580   418859    7.05    9999   23.32    8.02    6.99     99   47.81    4464   32.33   18286    1.85    0.59    0.22
  1159    57580   418859    8.01    9999   23.24    8.02    6.93     98   47.74    4464   32.33   18287    1.54    0.73    0.04
  1159    57580   418859    9.03    9999   23.02    7.99    6.41     90   47.51    4462   32.32   18281    1.04    1.55    0.07
  1159    57580   418859    9.94    9999   22.98    7.98    6.28     88   47.48    4464   32.33   18289    1.44    0.69    0.05
  1200    57580   418859   10.86    9999   22.61    7.95    6.00     84   47.12    4463   32.32   18285    0.65    0.64   -0.10
  1200    57580   418859   11.12    9999   22.44    7.94    5.93     82   46.92    4460   32.30   18272    0.53    0.63   -0.17
  1201    57580   418859   12.01    9999   22.25    7.92    5.69     79   46.70    4457   32.27   18258    0.47    0.74   -0.05
  1201    57580   418859   13.03    9999   21.71    7.87    5.01     69   46.15    4453   32.24   18243    0.29    0.62    0.01
  1201    57580   418859   14.00    9999   21.51    7.84    4.69     64   45.94    4451   32.22   18234    0.19    0.62    0.06
  1202    57580   418859   15.03    9999   21.30    7.81    4.31     59   45.72    4449   32.21   18228    0.26    0.80   -0.06
 -1138    57952   417173    1.06    9999   23.43    8.10    7.57    107   47.94    4466   32.35   18295    1.90    0.86    0.15
  1139    57952   417173    2.00    9999   23.42    8.09    7.54    107   47.92    4466   32.34   18294    2.11    0.72    0.02
  1139    57952   417173    2.93    9999   23.42    8.10    7.56    107   47.93    4466   32.34   18294    1.76    0.82    0.03
  1139    57952   417173    4.04    9999   23.42    8.09    7.55    107   47.93    4466   32.34   18295    1.82    0.77    0.05
  1140    57952   417173    4.97    9999   23.41    8.09    7.51    106   47.92    4466   32.34   18294    1.76    0.88   -0.13
  1140    57952   417173    5.99    9999   23.40    8.09    7.53    106   47.91    4466   32.34   18294    1.86    0.72    0.06
  1140    57952   417173    7.01    9999   23.37    8.08    7.48    106   47.88    4466   32.35   18296    1.76    0.76    0.13
  1141    57952   417173    8.06    9999   23.30    8.07    7.32    103   47.82    4466   32.35   18298    1.68    0.86   -0.03
  1142    57952   417173    8.96    9999   22.62    7.95    5.55     77   47.13    4463   32.32   18286    0.60    0.65   -0.08
  1143    57952   417173   10.06    9999   21.96    7.89    5.09     70   46.43    4456   32.27   18258    0.35    0.77   -0.23
  1143    57952   417173   11.05    9999   21.84    7.89    5.17     71   46.29    4454   32.25   18248    0.31    0.67   -0.22
  1144    57952   417173   12.07    9999   21.69    7.88    5.05     69   46.13    4453   32.24   18242    0.33    0.64   -0.07
  1144    57952   417173   13.02    9999   21.50    7.85    4.69     64   45.93    4451   32.22   18234    0.21    0.69    0.00
  1145    57952   417173   14.03    9999   21.22    7.81    4.30     58   45.64    4448   32.20   18225    0.23    0.68   -0.08
  1145    57952   417173   14.99    9999   21.07    7.79    4.03     55   45.48    4447   32.19   18218    0.13    0.82   -0.07
  1146    57952   417173   15.99    9999   20.93    7.77    3.69     50   45.34    4446   32.19   18216    0.19    0.88   -0.04
  1146    57952   417173   16.96    9999   20.90    7.76    3.56     48   45.31    4446   32.19   18216    0.17    0.91   -0.14
 -1119    59112   414956    1.01    9999   23.31    8.11    7.25    102   47.88    4471   32.39   18321    2.02    0.67    0.18
  1119    59112   414956    1.97    9999   23.30    8.11    7.25    102   47.87    4471   32.39   18321    2.09    0.73    0.07
  1120    59112   414956    2.97    9999   23.29    8.11    7.26    102   47.87    4472   32.39   18322    1.93    0.53    0.00
  1120    59112   414956    3.97    9999   23.29    8.11    7.26    102   47.87    4472   32.39   18322    1.86    0.72    0.25
  1120    59112   414956    4.98    9999   23.30    8.10    7.20    102   47.87    4472   32.39   18322    1.83    0.77    0.07
  1121    59112   414956    6.06    9999   23.26    8.10    7.16    101   47.83    4472   32.39   18322    1.58    0.77   -0.03
  1121    59112   414956    7.09    9999   23.21    8.08    6.89     97   47.78    4471   32.39   18320    1.62    0.82    0.10
  1122    59112   414956    7.95    9999   22.76    7.97    5.53     77   47.38    4474   32.41   18338    0.48    0.58   -0.00
  1122    59112   414956    8.98    9999   22.07    7.91    5.01     69   46.63    4465   32.34   18300    0.41    0.52    0.07
  1122    59112   414956   10.00    9999   21.68    7.87    4.82     66   46.14    4455   32.26   18254    0.26    0.56    0.01
  1123    59112   414956   10.94    9999   21.46    7.85    4.69     64   45.89    4451   32.23   18235    0.34    0.70    0.03
  1123    59112   414956   12.09    9999   21.39    7.84    4.54     62   45.81    4449   32.21   18228    0.25    0.66    0.03
  1124    59112   414956   13.00    9999   21.31    7.83    4.42     60   45.74    4450   32.22   18232    0.28    0.65   -0.15
  1124    59112   414956   13.97    9999   21.25    7.82    4.24     58   45.67    4449   32.21   18228    0.23    0.73    0.04
  1124    59112   414956   14.92    9999   21.22    7.82    4.16     57   45.65    4449   32.21   18230    0.23    0.74    0.04
  1125    59112   414956   15.96    9999   21.18    7.82    4.15     56   45.60    4448   32.21   18226    0.23    0.76   -0.09
 -1050    61193   413017    1.03    9999   23.14    8.06    6.90     97   47.44    4445   32.17   18198    1.71    0.77   -0.00
  1051    61193   413017    1.97    9999   23.13    8.06    6.90     97   47.43    4445   32.18   18198    1.73    0.77    0.20
  1051    61193   413017    2.99    9999   23.13    8.06    6.86     96   47.43    4445   32.18   18198    1.49    0.65    0.15
  1051    61193   413017    4.06    9999   23.13    8.06    6.87     97   47.43    4445   32.18   18198    1.58    0.72    0.13
  1051    61193   413017    5.01    9999   23.12    8.05    6.82     96   47.42    4445   32.18   18199    1.48    0.76    0.05
  1052    61193   413017    6.02    9999   23.12    8.05    6.79     95   47.42    4446   32.18   18201    1.48    0.77   -0.02
  1052    61193   413017    7.00    9999   22.94    8.01    6.25     88   47.26    4445   32.18   18200    1.13    0.77    0.07
  1053    61193   413017    8.07    9999   22.09    7.82    4.17     58   46.40    4443   32.16   18193    0.62    0.70    0.02
  1053    61193   413017    8.95    9999   22.00    7.84    4.11     57   46.42    4453   32.24   18241    0.27    0.54    0.10
 -1035    62432   412220    1.03    9999   23.32    8.07    7.00     99   47.60    4444   32.17   18192    1.82    0.71    0.14
  1036    62432   412220    1.99    9999   23.34    8.06    6.89     97   47.64    4446   32.19   18203    1.50    0.71    0.12
  1036    62432   412220    3.02    9999   23.36    8.06    6.85     97   47.68    4448   32.20   18211    1.21    0.61    0.13
  1037    62432   412220    3.98    9999   23.33    8.06    6.85     97   47.63    4446   32.18   18202    1.46    0.67    0.01
  1037    62432   412220    4.97    9999   23.34    8.06    6.87     97   47.65    4447   32.19   18205    1.44    0.68    0.13
  1037    62432   412220    5.96    9999   23.36    8.03    6.28     89   47.76    4455   32.26   18245    0.79    0.59    0.00
  1038    62432   412220    6.93    9999   22.89    7.94    5.17     72   47.18    4444   32.17   18195    0.73    0.62   -0.17
  1038    62432   412220    7.97    9999   22.17    7.86    4.69     65   46.58    4451   32.22   18232    0.34    0.57   -0.10
  1039    62432   412220    9.04    9999   22.07    7.86    4.33     60   46.51    4454   32.25   18247    0.43    0.56   -0.00
  1039    62432   412220    9.99    9999   21.83    7.85    4.26     59   46.29    4456   32.26   18255    0.28    0.67   -0.13
  1039    62432   412220   11.03    9999   21.65    7.83    4.09     56   46.11    4454   32.25   18250    0.32    0.62   -0.17
  1040    62432   412220   11.95    9999   21.43    7.80    3.85     53   45.87    4452   32.23   18240    0.14    0.66   -0.16
  1040    62432   412220   13.04    9999   21.21    7.79    3.70     50   45.64    4449   32.21   18229    0.22    0.73    0.01
  1040    62432   412220   14.07    9999   21.11    7.78    3.58     49   45.55    4450   32.21   18231    0.17    0.73    0.11
  1041    62432   412220   15.02    9999   21.05    7.77    3.45     47   45.48    4449   32.21   18228    0.14    0.87   -0.18
  1041    62432   412220   15.98    9999   20.98    7.75    3.21     43   45.41    4449   32.21   18229    0.19    0.86   -0.09
 -1009    65230   412132    1.02    9999   23.55    8.04    6.57     93   47.73    4435   32.10   18151    1.03    0.56    0.15
  1009    65230   412132    1.98    9999   23.56    8.04    6.56     93   47.74    4436   32.10   18151    1.12    0.47   -0.10
  1009    65230   412132    2.98    9999   23.57    8.04    6.55     93   47.74    4436   32.10   18151    0.99    0.47    0.03
  1010    65230   412132    3.96    9999   23.57    8.04    6.56     93   47.75    4436   32.10   18151    1.01    0.42   -0.11
  1010    65230   412132    4.97    9999   23.56    8.04    6.56     93   47.74    4435   32.10   18150    0.86    0.55    0.06
  1010    65230   412132    6.05    9999   23.57    8.04    6.56     93   47.75    4436   32.10   18153    0.96    0.42   -0.00
  1011    65230   412132    7.03    9999   23.54    8.04    6.54     93   47.73    4436   32.10   18153    0.65    0.53   -0.07
  1011    65230   412132    8.03    9999   23.45    8.02    6.32     89   47.64    4436   32.10   18155    0.63    0.34   -0.08
  1011    65230   412132    8.92    9999   23.38    8.01    6.17     87   47.57    4436   32.10   18156    0.66    0.33   -0.13
  1012    65230   412132   10.00    9999   22.97    7.91    5.17     73   47.22    4440   32.14   18176    0.62    0.43   -0.00
  1013    65230   412132   10.98    9999   22.07    7.79    3.71     51   46.37    4441   32.14   18184    0.54    0.43   -0.19
  1013    65230   412132   12.08    9999   21.80    7.77    3.35     46   46.14    4444   32.16   18199    0.52    0.56    0.01
  1013    65230   412132   12.99    9999   21.73    7.76    3.28     45   46.08    4445   32.17   18204    0.30    0.59    0.10
  1014    65230   412132   13.94    9999   21.57    7.75    3.13     43   45.95    4446   32.19   18214    0.33    0.75   -0.09
 -0955    66387   411636    1.00    9999   23.46    8.01    6.41     91   47.68    4439   32.12   18168    2.10    0.87    0.36
  0956    66387   411636    2.01    9999   23.45    8.01    6.40     91   47.67    4439   32.12   18167    1.87    0.84    0.07
  0956    66387   411636    3.05    9999   23.46    8.01    6.36     90   47.68    4439   32.13   18170    1.56    0.83    0.36
  0956    66387   411636    4.04    9999   23.46    8.01    6.31     89   47.68    4439   32.13   18169    1.55    0.82    0.15
  0957    66387   411636    4.99    9999   23.45    8.00    6.11     86   47.67    4440   32.13   18172    1.39    0.64    0.09
  0957    66387   411636    6.01    9999   23.36    7.97    5.82     82   47.61    4442   32.15   18181    0.91    0.57    0.07
  0957    66387   411636    7.03    9999   23.35    7.97    5.70     81   47.61    4442   32.15   18184    0.92    0.48    0.10
  0958    66387   411636    8.05    9999   23.34    7.97    5.68     80   47.60    4442   32.15   18185    0.82    0.49   -0.08
 -0945    67353   411368    0.99    9999   23.68    8.06    7.71    109   47.45    4398   31.79   17974    2.35    0.83    0.17
  0945    67353   411368    2.11    9999   23.71    8.06    7.70    109   47.50    4400   31.81   17983    2.34    0.86    0.13
  0946    67353   411368    2.96    9999   23.73    8.06    7.62    108   47.54    4402   31.83   17993    2.33    0.94    0.07
  0946    67353   411368    3.97    9999   23.75    8.05    7.60    108   47.59    4405   31.85   18007    2.12    0.93    0.19
  0946    67353   411368    5.04    9999   23.81    8.04    7.37    105   47.72    4412   31.91   18039    1.98    0.72    0.33
  0947    67353   411368    5.99    9999   23.95    8.04    7.08    101   48.03    4428   32.03   18111    1.08    0.46   -0.03
  0947    67353   411368    7.05    9999   23.52    8.01    7.04    100   47.66    4432   32.07   18134    1.87    0.78    0.02
  0948    67353   411368    8.04    9999   23.10    7.93    6.00     84   47.29    4435   32.09   18150    1.67    0.78    0.22
  0948    67353   411368    9.05    9999   22.43    7.83    4.71     65   46.67    4438   32.12   18167    1.42    0.95    0.17
  0949    67353   411368    9.96    9999   22.06    7.75    3.40     47   46.35    4439   32.13   18177    0.71    0.72   -0.08
  0950    67353   411368   11.05    9999   21.75    7.70    2.50     34   46.08    4442   32.15   18190    0.45    0.53    0.10
 -0934    68871   411231    0.94    9999   23.19    7.99    6.82     95   45.81    4289   30.91   17466    1.62    1.34    0.32
  0935    68871   411231    2.04    9999   23.41    7.98    6.75     95   46.49    4332   31.26   17668    1.76    0.99    0.16
  0935    68871   411231    3.06    9999   23.34    7.98    6.64     93   46.39    4329   31.22   17655    1.57    0.91    0.04
  0936    68871   411231    4.06    9999   23.44    7.96    6.55     92   46.85    4363   31.51   17814    1.37    0.77    0.10
  0936    68871   411231    4.99    9999   23.45    7.95    6.22     88   47.01    4378   31.63   17882    1.14    0.96   -0.06
  0937    68871   411231    5.95    9999   23.40    7.93    5.95     84   47.14    4395   31.77   17960    0.95    1.00    0.07
  0937    68871   411231    7.02    9999   23.44    7.93    5.96     84   47.32    4408   31.87   18021    0.97    0.88    0.07
  0937    68871   411231    8.01    9999   23.42    7.95    6.30     89   47.51    4427   32.03   18112    1.94    0.81    0.22
 -0929    69255   410969    0.95   23.21   23.15    7.98    6.73     94   45.53    4266   30.73   17361    1.79    1.01    0.13
  0929    69255   410969    2.01   23.21   23.39    7.98    6.69     94   46.11    4299   30.99   17514    1.72    1.01    0.05
  0930    69255   410969    3.00   23.21   23.94    7.97    6.60     94   47.47    4377   31.63   17877    1.76    0.99    0.00
  0930    69255   410969    4.01   23.21   24.00    7.94    6.22     89   47.85    4407   31.86   18014    1.66    1.22    0.07
  0930    69255   410969    5.03   23.21   23.68    7.95    6.27     89   47.58    4410   31.89   18031    1.87    1.09    0.18
