# MEETVAARTUIG         : MILIEUCONTAINER
# MEETDATUM            : 25-06-2026 11:23:21
# MEETGEBIED           : ZEELAND
# STARTPUNT            : GTS20
# EINDPUNT             : GTS1
# PROJECTCODE          : VERTIKAAL BASIS
# OPDRACHTGEVER        : WVL
# BEHEERDER            : MOBIEL METEN
# BEMONST. INST        : []
# WAARNEMER(S)         : Bernaards
#
* 20260625
$ 9999 [00000000000000000000]
>TIJD       uumm                         
>X          coordinaat                   
>Y          coordinaat                   
>SENSHTE    Diepte set           m       
>Echms      Echoset              mtrs    
>Temp       Temperatuur          oC      
>pH         Zuurgraad            pH      
>O2         Zuurstof             mg/l    
>%O2        Zuurstof%            %       
>GELBH      Geleidendheid        mS/cm   
>GELDHD     Geleidendheid        ???     
>SALNTT     Saliniteit           dimsl   
>CL-        Chloride             mg/l    
>CHLFRFU    Chlorofyl            RFU     
>TROEBHFNU  Troebelheid          FNU     
>PHYCOUGL   Phycocyanine         ug/l    
 -1123    47489   418853    1.10    0.38   23.27    8.18    8.22    115   46.53    4348   31.39   17745    1.72    4.33   -0.24
  1124    47489   418853    2.00    0.37   23.18    8.17    8.15    113   46.45    4349   31.40   17750    2.07    4.35   -0.24
  1124    47489   418853    3.04    8.52   23.15    8.17    8.15    113   46.43    4350   31.40   17752    2.13    4.15   -0.15
  1125    47489   418853    3.97    7.70   23.22    8.18    8.16    114   46.48    4348   31.39   17744    2.18    3.96   -0.16
  1125    47489   418853    5.06    6.68   23.22    8.18    8.17    114   46.49    4349   31.40   17748    2.08    3.61   -0.26
  1125    47489   418853    5.97    5.74   23.23    8.18    8.18    114   46.50    4349   31.40   17748    1.93    3.90   -0.19
  1126    47489   418853    7.03    4.71   23.13    8.17    8.13    113   46.41    4350   31.41   17754    2.06    3.88   -0.13
  1126    47489   418853    8.06    3.73   22.94    8.16    8.07    112   46.27    4353   31.43   17768    2.13    4.19   -0.16
  1126    47489   418853    9.05    2.72   22.77    8.15    8.02    111   46.15    4358   31.47   17791    1.92    4.53   -0.15
  1126    47489   418853   10.10    1.65   22.48    8.13    7.86    108   45.89    4358   31.47   17795    2.06    4.96   -0.31
  1127    47489   418853   10.97    0.55   22.27    8.12    7.72    106   45.67    4356   31.46   17787    2.10    5.22   -0.15
 -1131    47842   418355    0.95   17.21   25.59    8.32    9.87    143   48.61    4338   31.31   17684    1.81    0.61   -0.47
  1132    47842   418355    2.11   16.68   25.46    8.32    9.92    143   48.48    4338   31.31   17683    1.92    0.66   -0.42
  1132    47842   418355    3.07   16.17   25.23    8.33   10.00    145   48.23    4335   31.29   17673    2.13    0.56   -0.32
  1132    47842   418355    4.08    5.73   24.74    8.35   10.30    147   47.71    4330   31.24   17650    3.07    0.66   -0.18
  1133    47842   418355    4.95   13.62   24.66    8.34   10.20    146   47.65    4332   31.26   17660    3.29    0.70   -0.21
  1133    47842   418355    5.93   12.45   23.67    8.24    9.39    132   46.87    4345   31.37   17727    4.18    1.05   -0.20
  1134    47842   418355    7.09   11.68   21.28    8.05    7.26     98   44.93    4374   31.60   17876    5.05    1.37   -0.13
  1134    47842   418355    7.97   10.79   21.42    8.07    7.23     97   44.90    4359   31.48   17804    4.98    1.52   -0.01
  1135    47842   418355    9.06    9.67   20.33    8.02    6.96     92   44.17    4386   31.70   17938    2.27    1.28   -0.14
  1135    47842   418355   10.10    8.58   19.55    7.97    6.48     85   43.54    4396   31.78   17987    2.17    1.46   -0.30
  1136    47842   418355   11.10    7.45   18.42    7.89    5.79     74   42.44    4391   31.74   17971    0.69    0.92   -0.37
  1136    47842   418355   11.92    6.63   17.72    7.81    5.06     64   41.82    4393   31.77   17987    0.40    1.30   -0.31
  1137    47842   418355   13.09    4.13   17.37    7.77    4.51     57   41.55    4398   31.80   18010    0.16    0.98   -0.33
  1137    47842   418355   14.08    3.11   17.21    7.73    3.94     49   41.41    4399   31.82   18017    0.27    1.28   -0.32
  1138    47842   418355   14.96    1.83   16.81    7.65    3.12     39   41.11    4406   31.87   18048    0.25    1.28   -0.31
  1138    47842   418355   16.02    1.06   16.39    7.59    2.20     27   40.77    4411   31.91   18076    0.16    1.59   -0.32
 -1149    48757   418189    0.93   43.28   25.21    8.36   10.40    150   48.04    4320   31.16   17602    1.75    0.73   -0.18
  1150    48757   418189    1.93   42.45   24.91    8.36   10.40    150   47.79    4323   31.18   17615    2.72    0.53   -0.25
  1151    48757   418189    3.13    0.00   24.85    8.35   10.40    149   47.78    4327   31.21   17634    2.75    0.51   -0.23
  1151    48757   418189    3.97   40.57   24.88    8.35   10.20    147   47.78    4325   31.20   17624    2.50    0.62   -0.31
  1152    48757   418189    4.93   39.66   24.27    8.31    9.63    136   47.26    4329   31.23   17647    3.42    0.83   -0.12
  1153    48757   418189    6.13   38.66   23.77    8.26    9.22    130   46.79    4329   31.24   17652    2.93    1.04   -0.32
  1153    48757   418189    6.96   37.66   23.26    8.22    9.07    126   46.49    4346   31.37   17734    3.53    1.25   -0.09
  1154    48757   418189    8.00   36.63   20.44    8.00    6.77     90   44.13    4372   31.59   17871    2.60    1.38   -0.25
  1154    48757   418189    8.96   35.63   20.02    7.99    6.49     85   43.92    4390   31.73   17957    2.75    1.46   -0.19
  1154    48757   418189    9.92   34.92   19.08    7.94    6.25     81   43.11    4396   31.78   17991    1.28    1.34   -0.31
  1155    48757   418189   10.93   27.59   18.71    7.91    5.96     77   42.71    4391   31.75   17971    1.33    1.35   -0.23
  1155    48757   418189   12.01   32.57   17.74    7.81    5.14     65   41.87    4396   31.79   18001    0.33    1.01   -0.31
  1156    48757   418189   13.04   31.80   17.36    7.77    4.59     58   41.55    4399   31.81   18015    0.24    1.09   -0.29
  1156    48757   418189   14.04   30.76   17.33    7.77    4.43     55   41.52    4399   31.81   18014    0.16    0.84   -0.27
  1157    48757   418189   14.93    7.10   16.83    7.71    3.93     49   41.15    4408   31.89   18061    0.16    1.02   -0.29
  1157    48757   418189   15.91   28.79   16.46    7.67    3.32     41   40.81    4408   31.89   18061    0.20    1.00   -0.22
  1158    48757   418189   17.05    0.00   15.67    7.59    2.10     25   40.14    4414   31.94   18094    0.04    0.96   -0.29
  1158    48757   418189   17.98   26.83   14.77    7.56    0.75      9   39.26    4408   31.89   18068    0.04    1.92   -0.27
  1159    48757   418189   18.94   25.89   14.32    7.56    0.50      6   38.97    4420   31.99   18130    0.09    2.63   -0.27
  1159    48757   418189   19.96   24.94   13.64    7.56    0.26      3   38.30    4413   31.93   18100    0.07    2.25   -0.22
  1160    48757   418189   21.01    0.00   13.19    7.55    0.15      2   37.86    4409   31.90   18080    0.03    2.03   -0.14
  1200    48757   418189   22.08   22.64   12.84    7.55    0.09      1   37.54    4408   31.89   18078    0.02    1.86   -0.11
  1200    48757   418189   23.10    0.00   12.58    7.54    0.06      1   37.31    4408   31.89   18081    0.02    1.51   -0.19
  1201    48757   418189   23.96    2.86   12.25    7.53    0.03      0   37.03    4409   31.91   18088    0.07    1.15   -0.03
  1201    48757   418189   25.11   19.55   12.22    7.53    0.01      0   36.99    4408   31.90   18082    0.01    1.26   -0.17
  1202    48757   418189   26.02   18.69   12.20    7.53    0.00      0   36.96    4407   31.89   18077    0.00    1.11   -0.12
  1202    48757   418189   27.09    0.00   12.15    7.53    0.00      0   36.92    4407   31.89   18077    0.16    1.51   -0.13
  1202    48757   418189   28.11    0.00   12.10    7.52    0.00      0   36.88    4407   31.89   18079    0.01    1.26   -0.07
  1202    48757   418189   28.95    0.00   11.90    7.52    0.00      0   36.70    4407   31.88   18077    0.18    1.16   -0.10
  1203    48757   418189   30.09    0.00   11.06    7.48    0.00      0   36.10    4424   32.02   18161    0.01    0.96   -0.06
  1203    48757   418189   31.06    0.00    9.90    7.39    0.00      0   35.17    4435   32.12   18218    0.00    0.96   -0.12
  1203    48757   418189   31.95    0.00    9.36    7.35    0.00      0   34.65    4429   32.07   18192    0.03    0.78   -0.07
  1204    48757   418189   33.12   11.90    8.90    7.29    0.00      0   34.20    4423   32.02   18164    0.00    0.79   -0.05
  1204    48757   418189   34.03    0.00    8.84    7.28    0.00      0   34.16    4424   32.03   18170    0.00    0.84   -0.05
  1204    48757   418189   35.08    0.00    8.82    7.28    0.00      0   34.12    4422   32.02   18162    0.02    0.85   -0.05
  1205    48757   418189   36.05    0.00    8.79    7.27    0.00      0   34.10    4422   32.01   18162    0.11    0.84    0.01
  1205    48757   418189   37.13    0.00    8.77    7.27    0.00      0   34.08    4422   32.01   18160    0.16    1.09    0.05
  1205    48757   418189   38.08    2.45    8.75    7.26    0.00      0   34.06    4421   32.01   18159    0.08    0.96    0.02
  1206    48757   418189   39.10    5.74    8.75    7.27    0.00      0   34.06    4422   32.01   18160    0.00    1.02   -0.03
  1206    48757   418189   39.97    0.00    8.74    7.26    0.00      0   34.05    4421   32.01   18157    0.00    0.93   -0.11
  1206    48757   418189   40.95    3.60    8.73    7.26    0.00      0   34.04    4421   32.01   18159    0.04    0.99    0.02
  1207    48757   418189   42.04    2.55    8.72    7.26    0.00      0   34.04    4421   32.01   18159    0.04    0.81    0.09
  1207    48757   418189   43.03    0.33    8.70    7.26    0.00      0   34.02    4422   32.01   18162    0.05    0.98   -0.02
  1207    48757   418189   43.99    0.45    8.69    7.25    0.00      0   34.01    4421   32.01   18158    0.15    0.85   -0.04
 -1102    49759   418281    1.03   17.29   24.99    8.35   10.20    146   47.91    4327   31.22   17634    2.09    0.79   -0.37
  1102    49759   418281    1.99   16.93   24.85    8.35   10.20    146   47.78    4327   31.21   17634    3.13    0.79   -0.23
  1102    49759   418281    2.96   13.97   24.70    8.34   10.10    145   47.65    4328   31.22   17640    3.51    0.83   -0.29
  1103    49759   418281    3.96    0.00   24.60    8.33   10.00    144   47.56    4329   31.23   17646    3.39    0.65   -0.18
  1103    49759   418281    5.08    0.00   24.35    8.30    9.95    141   47.39    4335   31.28   17676    4.94    0.83   -0.15
  1103    49759   418281    5.97    0.00   24.05    8.26    9.75    138   47.21    4344   31.35   17718    6.80    0.97   -0.04
  1104    49759   418281    7.02   15.50   21.45    8.08    7.68    104   45.06    4372   31.59   17865    2.84    1.54   -0.20
  1105    49759   418281    7.99    0.00   19.91    7.97    6.54     86   43.71    4379   31.65   17908    2.59    1.09   -0.06
  1105    49759   418281    9.05    0.00   19.16    7.94    6.30     82   43.08    4386   31.70   17942    1.74    1.05   -0.18
  1106    49759   418281   10.06    0.00   18.60    7.88    5.96     76   42.66    4396   31.79   17994    1.31    1.43   -0.31
  1106    49759   418281   10.96    0.00   18.30    7.85    5.25     67   42.31    4388   31.72   17958    1.00    1.27   -0.30
  1107    49759   418281   12.05   11.84   17.67    7.76    4.59     58   41.74    4389   31.73   17968    0.44    1.19   -0.33
  1107    49759   418281   13.00   10.47   17.64    7.76    4.36     55   41.70    4388   31.72   17961    0.41    1.38   -0.26
  1108    49759   418281   14.02    9.01   17.18    7.74    4.27     53   41.37    4398   31.81   18011    0.34    0.99   -0.29
  1108    49759   418281   14.94   11.38   16.77    7.69    3.70     46   41.04    4403   31.84   18035    0.17    1.16   -0.44
  1108    49759   418281   15.99    0.00   16.59    7.68    3.50     43   40.89    4404   31.85   18042    0.15    1.17   -0.45
  1109    49759   418281   17.03    4.41   14.71    7.57    1.01     12   39.23    4409   31.90   18075    0.06    2.22   -0.28
  1110    49759   418281   18.09    2.70   15.06    7.58    1.30     16   39.62    4417   31.96   18112    0.08    2.03   -0.33
  1110    49759   418281   18.92    1.58   14.29    7.56    0.65      8   38.87    4411   31.91   18085    0.04    3.54   -0.19
 -1042    51035   418447    0.97    0.00   24.89    8.29    9.41    135   47.82    4328   31.22   17638    2.17    0.62   -0.12
  1043    51035   418447    1.97   27.57   24.53    8.30    9.60    136   47.45    4324   31.19   17624    3.75    0.86   -0.13
  1043    51035   418447    3.04   26.41   24.38    8.30    9.65    137   47.33    4325   31.21   17631    3.44    0.77   -0.18
  1044    51035   418447    4.00    0.00   24.29    8.31    9.87    140   47.27    4329   31.23   17649    3.32    0.73   -0.17
  1044    51035   418447    5.08    0.00   23.13    8.20    8.96    124   46.32    4341   31.33   17711    4.46    1.10    0.04
  1045    51035   418447    6.04    0.00   22.41    8.15    8.33    114   45.79    4355   31.45   17783    5.26    1.49   -0.10
  1045    51035   418447    7.05    0.00   20.15    7.96    6.24     82   43.83    4368   31.56   17856    2.95    1.49   -0.21
  1046    51035   418447    7.99    0.00   19.76    7.93    6.02     79   43.57    4380   31.65   17913    2.67    1.27   -0.21
  1046    51035   418447    8.99    0.00   19.07    7.86    5.43     70   43.07    4393   31.76   17979    1.77    1.62   -0.20
  1046    51035   418447   10.08    0.00   18.60    7.81    4.99     64   42.56    4386   31.71   17948    1.60    0.97   -0.29
  1047    51035   418447   11.00    0.00   18.09    7.76    4.40     56   42.07    4383   31.68   17935    0.84    0.99   -0.28
  1047    51035   418447   11.99    0.00   17.63    7.76    4.38     55   41.72    4391   31.75   17978    0.50    1.28   -0.48
  1048    51035   418447   13.09    0.00   17.33    7.74    4.30     54   41.49    4395   31.78   17998    0.53    1.01   -0.28
  1048    51035   418447   14.10    0.00   17.05    7.73    4.20     52   41.27    4401   31.82   18023    0.39    1.02   -0.21
  1048    51035   418447   14.92    0.00   16.75    7.69    3.90     48   41.04    4405   31.86   18044    0.24    0.87   -0.27
  1049    51035   418447   16.02    0.00   15.70    7.58    2.18     26   40.15    4412   31.92   18082    0.22    0.93   -0.19
  1050    51035   418447   16.99    0.00   15.05    7.55    1.57     19   39.57    4413   31.93   18092    0.12    1.25   -0.36
  1050    51035   418447   18.08    0.00   14.17    7.56    0.68      8   38.78    4412   31.92   18092    0.10    4.94   -0.19
  1051    51035   418447   19.14    0.00   14.01    7.57    0.45      5   38.60    4410   31.90   18081    0.12    6.13   -0.12
  1051    51035   418447   20.02    0.00   13.96    7.57    0.29      3   38.57    4411   31.91   18087    0.05    6.27   -0.14
  1051    51035   418447   21.07    0.00   13.32    7.56    0.16      2   38.02    4414   31.94   18106    0.03    4.63   -0.19
  1052    51035   418447   21.85    0.00   12.92    7.55    0.05      1   37.65    4412   31.93   18098    0.04    3.05   -0.20
  1052    51035   418447   22.85    0.00   12.88    7.54    0.01      0   37.57    4407   31.89   18074    0.06    2.90   -0.04
  1053    51035   418447   24.03    0.00   12.77    7.54   -0.00      0   37.47    4407   31.88   18074    0.12    2.55   -0.02
  1053    51035   418447   24.96    0.00   12.59    7.53   -0.00      0   37.31    4407   31.88   18074    0.04    1.95   -0.13
  1054    51035   418447   26.03    3.90   12.59    7.53   -0.00      0   37.31    4407   31.88   18073    0.02    1.95    0.01
  1054    51035   418447   27.04    0.00   12.47    7.53   -0.00      0   37.21    4407   31.88   18074    0.02    1.83   -0.16
  1054    51035   418447   27.95    1.80   12.38    7.53   -0.00      0   37.11    4406   31.87   18070    0.04    1.45   -0.10
  1054    51035   418447   29.12    0.00   11.81    7.52   -0.00      0   36.62    4406   31.88   18076    0.05    0.94   -0.13
 -1023    51740   418802    0.93    0.33   25.02    8.26    8.70    125   47.92    4325   31.20   17624    1.55    0.64   -0.41
  1023    51740   418802    2.08   33.91   24.54    8.26    8.78    125   47.44    4323   31.19   17619    2.23    0.66   -0.31
  1023    51740   418802    2.96   32.96   23.99    8.27    9.00    127   46.94    4324   31.19   17625    3.71    0.95   -0.19
  1024    51740   418802    3.96    0.73   24.13    8.27    9.28    131   47.10    4326   31.22   17637    2.57    0.73   -0.21
  1024    51740   418802    5.00   30.71   24.50    8.26    8.91    127   47.42    4324   31.19   17622    2.76    0.73   -0.22
  1025    51740   418802    6.09    0.00   19.97    7.94    6.04     79   43.72    4375   31.61   17888    2.40    0.97   -0.26
  1026    51740   418802    7.03   28.13   19.74    7.92    5.78     76   43.55    4379   31.65   17908    3.36    1.51   -0.13
  1026    51740   418802    8.07   26.83   18.59    7.83    5.18     66   42.42    4372   31.60   17884    1.11    1.17   -0.31
  1027    51740   418802    8.90   25.91   18.25    7.79    4.71     60   42.14    4375   31.62   17899    0.73    1.29   -0.24
  1027    51740   418802   10.07   24.73   18.08    7.79    4.59     58   42.01    4378   31.64   17913    1.10    1.27   -0.25
  1027    51740   418802   10.94   23.67   17.92    7.78    4.57     58   41.84    4376   31.63   17905    0.61    1.42   -0.34
  1028    51740   418802   11.97   22.80   17.89    7.78    4.54     57   41.85    4379   31.65   17918    0.58    1.54   -0.26
  1028    51740   418802   13.04   21.13   17.01    7.72    4.26     53   41.28    4405   31.86   18044    0.30    1.09   -0.29
  1029    51740   418802   14.04   19.46   16.84    7.69    3.74     46   41.11    4403   31.85   18036    0.49    0.88   -0.32
  1030    51740   418802   15.07   17.73   16.32    7.65    3.01     37   40.71    4411   31.91   18075    0.16    1.30   -0.25
  1030    51740   418802   15.97   16.35   15.30    7.56    1.61     19   39.81    4415   31.94   18099    0.39    1.43   -0.21
  1031    51740   418802   16.99   15.42   14.67    7.55    0.95     11   39.24    4415   31.95   18103    0.11    0.77   -0.22
  1031    51740   418802   18.02   14.40   14.01    7.54    0.38      4   38.63    4413   31.93   18096    0.07    0.77   -0.37
  1032    51740   418802   18.89   13.00   13.62    7.55    0.19      2   38.26    4411   31.92   18089    0.09    1.90   -0.18
  1032    51740   418802   20.05   11.64   13.22    7.56    0.06      1   37.89    4410   31.91   18085    0.00    1.41   -0.17
  1033    51740   418802   20.94    9.62   12.92    7.55    0.02      0   37.62    4408   31.90   18080    0.01    1.68   -0.20
  1033    51740   418802   22.08    8.48   12.80    7.54    0.00      0   37.51    4408   31.90   18081    0.04    1.49   -0.17
  1034    51740   418802   22.97    0.00   12.67    7.54   -0.00      0   37.38    4407   31.89   18075    0.00    1.74   -0.20
  1034    51740   418802   24.10    6.64   12.41    7.54   -0.00      0   37.14    4406   31.87   18070    0.06    1.30   -0.13
  1034    51740   418802   25.63    4.65   12.07    7.54   -0.00      0   36.84    4406   31.88   18072    0.04    0.92   -0.26
  1035    51740   418802   25.96    4.01   11.91    7.53   -0.00      0   36.71    4407   31.88   18077    0.00    0.87   -0.20
  1035    51740   418802   27.04    2.81   11.78    7.53   -0.00      0   36.60    4407   31.88   18078    0.00    1.04   -0.06
  1035    51740   418802   27.98    1.67   11.60    7.52   -0.00      0   36.41    4404   31.86   18067    0.00    0.86   -0.10
  1036    51740   418802   29.05    0.32   11.53    7.51   -0.00      0   36.35    4404   31.86   18064    0.00    0.95   -0.06
 -1007    53116   420469    0.99    9.96   24.73    8.32    9.89    141   47.65    4326   31.21   17632    1.77    0.57   -0.29
  1007    53116   420469    2.04    8.90   24.68    8.32    9.89    141   47.60    4326   31.21   17631    2.46    0.73   -0.18
  1008    53116   420469    3.15    7.74   24.34    8.31    9.76    138   47.27    4325   31.20   17628    2.90    0.88   -0.29
  1008    53116   420469    4.04    6.91   24.05    8.29    9.51    134   46.94    4318   31.15   17600    2.90    0.69   -0.26
  1009    53116   420469    5.09    5.80   23.71    8.28    9.42    132   46.74    4330   31.24   17657    3.90    0.76   -0.24
  1010    53116   420469    5.94    4.99   19.22    7.86    5.63     73   42.99    4371   31.59   17876    3.17    1.34   -0.20
  1010    53116   420469    7.08    3.81   18.42    7.85    5.46     70   42.26    4372   31.59   17881    1.40    0.93   -0.30
  1011    53116   420469    7.88    3.02   17.67    7.73    4.39     55   41.63    4378   31.64   17916    0.51    1.05   -0.33
  1012    53116   420469    8.94    1.99   17.59    7.73    4.12     52   41.48    4369   31.57   17875    0.31    1.18   -0.48
  1012    53116   420469   10.00    0.99   17.49    7.72    4.07     51   41.40    4371   31.59   17883    0.24    0.88   -0.38
 -0955    53881   421151    1.06   16.14   24.51    8.33    9.96    142   47.41    4322   31.18   17614    2.31    0.76   -0.16
  0956    53881   421151    1.97   15.26   24.42    8.33    9.95    141   47.33    4323   31.18   17619    2.93    0.72   -0.14
  0956    53881   421151    3.09   14.05   23.66    8.28    9.61    135   46.64    4325   31.21   17635    3.50    0.84    0.02
  0956    53881   421151    4.02   12.92   23.19    8.25    9.06    126   46.21    4326   31.21   17639    4.07    0.90    0.01
  0957    53881   421151    5.03   11.79   21.50    7.97    5.74     78   44.90    4351   31.42   17767    3.73    0.84   -0.16
  0957    53881   421151    6.12   10.78   20.61    7.97    5.77     77   44.27    4371   31.58   17864    5.00    1.14   -0.06
  0958    53881   421151    7.07    9.74   19.84    7.92    5.87     77   43.66    4380   31.65   17914    5.43    1.34    0.13
  0958    53881   421151    7.90    8.81   18.47    7.84    5.45     70   42.31    4372   31.59   17882    1.25    0.77   -0.28
  0959    53881   421151    9.07    7.64   18.19    7.82    5.27     67   42.02    4369   31.57   17869    1.21    0.79   -0.25
  0959    53881   421151    9.96    6.73   17.68    7.77    4.79     60   41.55    4368   31.56   17870    0.42    0.91   -0.33
  0959    53881   421151   11.04    5.64   17.52    7.74    4.48     56   41.38    4366   31.54   17859    0.34    1.03   -0.25
  1000    53881   421151   11.96    4.68   17.45    7.73    4.21     53   41.30    4364   31.53   17849    0.30    0.97   -0.28
  1000    53881   421151   12.98    3.70   17.41    7.72    4.08     51   41.25    4363   31.52   17846    0.22    0.99   -0.33
  1000    53881   421151   13.97    2.67   17.39    7.71    3.96     50   41.23    4363   31.52   17844    0.44    1.06   -0.31
  1001    53881   421151   15.90    0.70   17.35    7.70    3.86     48   41.28    4371   31.58   17883    0.18    1.22   -0.25
 -0940    55322   421277    1.05   16.86   24.09    8.34    9.93    140   47.00    4320   31.16   17608    2.58    0.93   -0.21
  0940    55322   421277    2.09   16.89   24.03    8.34    9.96    140   46.94    4320   31.16   17608    3.31    0.87   -0.26
  0941    55322   421277    3.02    3.29   22.68    8.16    8.48    117   45.76    4328   31.23   17651    2.97    0.78   -0.12
  0941    55322   421277    3.96   15.64   21.88    8.05    6.56     89   45.15    4341   31.33   17716    5.55    1.04    0.08
  0942    55322   421277    5.00   14.63   21.48    7.97    5.94     80   44.81    4344   31.36   17734    4.27    0.85    0.06
  0942    55322   421277    5.92   13.52   21.13    7.97    5.86     79   44.51    4347   31.39   17752    5.23    1.05    0.06
  0943    55322   421277    7.13   12.26   20.23    7.89    5.37     71   43.93    4372   31.59   17873    5.60    1.38    0.17
  0944    55322   421277    8.00   11.40   19.51    7.87    5.28     69   43.20    4366   31.54   17847    4.79    1.01    0.07
  0944    55322   421277    9.11   10.15   18.85    7.85    5.29     68   42.59    4365   31.53   17845    1.86    1.19   -0.22
  0944    55322   421277   10.03    0.00   18.20    7.82    5.15     65   42.06    4373   31.60   17887    1.13    0.76   -0.25
  0945    55322   421277   11.06    7.77   17.48    7.75    4.65     58   41.31    4362   31.51   17841    0.26    0.96   -0.26
  0945    55322   421277   11.91    7.39   17.43    7.74    4.27     53   41.26    4362   31.51   17840    0.35    0.90   -0.28
  0945    55322   421277   13.03    6.20   17.35    7.72    4.04     50   41.16    4359   31.49   17829    0.49    0.97   -0.22
  0946    55322   421277   14.03    5.27   17.32    7.71    3.91     49   41.14    4359   31.49   17829    0.37    1.16   -0.27
  0946    55322   421277   15.08    4.27   17.26    7.70    3.80     47   41.09    4360   31.50   17832    0.52    1.24   -0.29
  0946    55322   421277   16.01    3.23   17.25    7.69    3.69     46   41.09    4360   31.50   17835    0.35    1.18   -0.25
  0947    55322   421277   16.97    2.28   17.25    7.67    3.55     44   41.11    4364   31.53   17851    0.32    1.29   -0.24
  0947    55322   421277   17.92    1.18   17.16    7.65    3.32     41   41.12    4373   31.60   17894    0.54    2.89   -0.24
 -0929    56283   420511    1.05   11.12   24.05    8.25    8.25    116   47.04    4328   31.23   17644    2.73    0.69   -0.20
  0930    56283   420511    2.08   10.01   23.97    8.24    8.27    116   46.99    4330   31.25   17657    2.67    0.87   -0.19
  0930    56283   420511    2.97    9.13   23.91    8.23    8.24    116   46.94    4331   31.25   17659    3.07    0.73   -0.15
  0930    56283   420511    4.08    7.86   22.28    8.16    8.22    112   45.65    4353   31.43   17772    4.91    0.90   -0.02
  0931    56283   420511    4.98    6.25   20.83    7.96    6.04     81   44.28    4351   31.42   17772    7.82    1.27    0.26
  0931    56283   420511    5.94    4.96   20.37    7.93    5.77     76   43.90    4356   31.46   17796    6.63    1.33    0.14
  0932    56283   420511    6.96    3.61   19.02    7.84    5.30     68   42.73    4363   31.52   17839    1.80    1.01   -0.22
  0932    56283   420511    7.98    2.17   18.33    7.76    4.55     58   42.16    4370   31.57   17873    1.13    0.61   -0.26
  0932    56283   420511    9.06    0.99   17.91    7.78    4.61     58   41.85    4378   31.64   17913    0.56    0.95   -0.27
 -0914    57659   418788    0.93   15.38   23.31    8.25    8.99    125   46.20    4314   31.12   17585    3.12    1.03   -0.12
  0914    57659   418788    2.10   14.39   22.77    8.17    8.18    113   45.83    4327   31.22   17649    4.24    1.19   -0.06
  0914    57659   418788    3.10   13.55   22.38    8.15    8.17    112   45.52    4332   31.26   17671    6.04    1.12    0.11
  0915    57659   418788    3.94   12.68   21.36    8.03    6.83     92   44.65    4340   31.33   17716    5.03    1.28    0.13
  0915    57659   418788    5.07   12.00   21.25    8.01    6.63     89   44.57    4341   31.34   17722    5.31    1.21    0.10
  0916    57659   418788    5.97    0.00   20.83    7.99    6.47     86   44.20    4344   31.36   17738    5.77    1.29    0.08
  0916    57659   418788    7.05    0.00   19.10    7.79    4.91     63   42.66    4348   31.40   17767    2.42    0.97   -0.17
  0917    57659   418788    7.93    8.43   17.98    7.75    4.32     55   41.65    4350   31.41   17781    1.15    0.78   -0.29
  0917    57659   418788    8.88    8.03   17.74    7.76    4.39     55   41.43    4350   31.42   17784    0.54    0.62   -0.40
  0917    57659   418788   10.14    6.31   17.73    7.76    4.39     55   41.43    4350   31.42   17785    0.58    0.89   -0.26
  0918    57659   418788   11.03    4.52   17.75    7.76    4.39     55   41.43    4349   31.41   17781    0.52    0.74   -0.27
  0918    57659   418788   11.95    3.34   17.74    7.76    4.38     55   41.44    4351   31.42   17789    0.38    0.83   -0.38
  0918    57659   418788   12.99    1.82   17.38    7.76    4.39     55   41.12    4352   31.43   17795    0.31    0.97   -0.34
  0919    57659   418788   14.05    0.51   17.27    7.77    4.40     55   41.02    4352   31.43   17794    0.34    1.16   -0.24
 -0857    58037   417081    1.00   19.94   23.81    8.22    8.19    115   46.71    4318   31.15   17599    2.96    0.90   -0.22
  0857    58037   417081    1.89   18.84   23.79    8.22    8.16    115   46.68    4317   31.14   17597    3.12    0.90   -0.09
  0858    58037   417081    3.09   17.60   23.75    8.22    8.15    114   46.65    4318   31.15   17601    3.42    1.00   -0.14
  0858    58037   417081    3.99   16.82   23.43    8.20    8.02    112   46.38    4320   31.16   17611    3.91    1.02   -0.12
  0858    58037   417081    4.93   15.76   23.21    8.19    7.94    110   46.19    4322   31.18   17621    4.41    1.08   -0.05
  0859    58037   417081    6.05   14.18   21.72    8.06    7.35    100   45.09    4350   31.41   17763    6.05    1.05   -0.02
  0860    58037   417081    7.06   12.93   20.21    7.93    5.84     77   43.60    4341   31.34   17728    4.50    1.22    0.04
  0900    58037   417081    8.02   12.21   18.37    7.85    5.51     70   42.05    4355   31.45   17801    1.29    0.79   -0.35
  0900    58037   417081    9.00   11.27   17.89    7.82    5.33     67   41.58    4351   31.42   17787    0.98    0.76   -0.35
  0901    58037   417081   10.00   10.35   17.70    7.81    4.95     62   41.40    4351   31.42   17787    0.37    0.65   -0.23
  0901    58037   417081   10.97    9.54   17.59    7.78    4.72     59   41.30    4350   31.42   17784    0.67    0.98   -0.35
  0902    58037   417081   11.96    8.73   17.51    7.76    4.46     56   41.21    4349   31.41   17780    0.31    0.76   -0.41
  0902    58037   417081   13.04    7.41   17.38    7.77    4.42     55   41.11    4350   31.42   17787    0.45    0.90   -0.31
  0902    58037   417081   13.99    6.47   17.28    7.77    4.42     55   41.01    4350   31.41   17785    0.28    1.03   -0.22
  0903    58037   417081   14.99    5.46   17.28    7.77    4.39     55   41.01    4350   31.42   17786    0.40    1.09   -0.29
  0903    58037   417081   15.84    4.47   17.23    7.76    4.35     54   40.97    4349   31.41   17784    0.30    1.11   -0.37
  0903    58037   417081   17.00    3.32   17.23    7.76    4.33     54   40.96    4349   31.41   17782    0.33    1.02   -0.18
  0904    58037   417081   18.00    2.30   17.13    7.76    4.29     53   40.90    4353   31.44   17800    0.27    1.04   -0.19
  0904    58037   417081   18.95    1.34   16.97    7.73    3.93     49   40.73    4350   31.42   17789    0.24    1.23   -0.19
 -0827    59096   414901    1.02   17.03   25.09    8.29    8.85    127   47.52    4282   30.86   17427    2.90    0.68   -0.19
  0828    59096   414901    2.07   15.97   24.98    8.30    9.06    130   47.48    4289   30.91   17458    3.23    1.04   -0.19
  0828    59096   414901    2.94   14.86   24.40    8.32    9.37    133   47.17    4310   31.08   17559    3.49    0.85   -0.15
  0829    59096   414901    4.02   13.15   23.68    8.27    9.59    134   46.62    4322   31.18   17620    4.06    0.98   -0.07
  0830    59096   414901    4.94   12.56   22.40    8.17    7.27     99   45.00    4281   30.85   17434    6.05    0.99    0.13
  0831    59096   414901    6.09   11.72   21.99    8.11    7.88    107   45.11    4328   31.23   17656    4.62    1.21   -0.06
  0831    59096   414901    7.04   10.96   18.93    7.88    5.88     76   42.50    4348   31.40   17769    2.73    0.75   -0.18
  0832    59096   414901    7.98    9.77   18.74    7.85    5.60     72   42.30    4346   31.38   17759    2.29    0.94   -0.17
  0832    59096   414901    9.06    7.95   18.06    7.80    4.91     62   41.70    4348   31.40   17773    1.50    1.00   -0.32
  0833    59096   414901   10.05    7.11   18.01    7.80    4.86     61   41.65    4347   31.39   17769    1.41    0.79   -0.18
  0833    59096   414901   10.91    6.11   17.82    7.79    4.79     60   41.48    4347   31.39   17770    1.11    1.31   -0.22
  0833    59096   414901   12.07    4.81   17.78    7.79    4.70     59   41.44    4348   31.40   17773    0.78    1.04   -0.27
  0834    59096   414901   13.02    3.80   17.61    7.78    4.69     59   41.30    4349   31.41   17782    0.34    1.02   -0.31
  0834    59096   414901   14.11    2.93   17.54    7.77    4.60     58   41.24    4350   31.42   17784    0.25    1.12   -0.32
  0834    59096   414901   15.02    2.21   17.38    7.78    4.55     57   41.11    4351   31.43   17790    0.34    1.22   -0.29
  0835    59096   414901   16.08    1.45   17.32    7.77    4.48     56   41.05    4350   31.42   17787    0.41    1.39   -0.24
 -0759    61353   412998    1.11    8.79   25.47    8.34    9.52    137   47.75    4272   30.77   17375    2.15    0.77   -0.35
  0800    61353   412998    1.93    8.08   25.44    8.34    9.53    137   47.72    4272   30.77   17376    2.44    0.81   -0.28
  0800    61353   412998    3.08    6.94   25.16    8.34    9.56    137   47.55    4280   30.83   17413    3.42    0.76   -0.13
  0801    61353   412998    3.95    6.11   25.03    8.34    9.66    138   47.49    4285   30.88   17438    3.65    1.08   -0.17
  0802    61353   412998    5.00    5.06   24.24    8.32   10.00    142   46.98    4306   31.05   17540    4.78    0.77   -0.12
  0802    61353   412998    6.04    4.05   22.82    8.23    9.51    131   45.98    4337   31.30   17693    3.94    1.00   -0.22
  0804    61353   412998    6.99    3.12   19.40    7.86    5.58     72   42.85    4340   31.33   17728    2.64    1.32   -0.11
  0805    61247   413050    8.06    2.09   18.99    7.78    4.73     61   42.42    4334   31.29   17703    2.78    1.34   -0.02
  0805    61247   413050    9.04    1.12   18.72    7.76    4.47     57   42.20    4337   31.31   17717    2.49    1.08   -0.10
 -0745    62387   412240    1.04   16.54   25.35    8.34    9.45    136   47.38    4248   30.58   17266    2.29    0.71   -0.27
  0745    62387   412240    2.00    0.00   25.32    8.36    9.72    140   47.37    4250   30.60   17275    2.36    0.98   -0.25
  0746    62387   412240    2.99   14.52   25.33    8.36    9.84    141   47.36    4249   30.59   17269    2.48    0.75   -0.32
  0746    62387   412240    3.93   13.56   24.54    8.31    9.85    140   46.79    4263   30.70   17341    2.88    0.91   -0.24
  0747    62387   412240    4.94   12.54   20.38    7.97    6.59     87   43.74    4339   31.32   17717    2.88    1.12   -0.22
  0748    62387   412240    6.03   11.44   19.73    7.90    5.90     77   43.09    4333   31.28   17696    3.52    1.55   -0.08
  0748    62387   412240    6.99   10.52   19.35    7.82    5.08     66   42.78    4337   31.31   17712    5.37    1.18    0.22
  0749    62387   412240    8.03    9.48   19.07    7.79    4.87     63   42.52    4338   31.31   17719    3.40    1.32   -0.18
  0749    62387   412240    9.06    8.52   18.01    7.72    4.29     54   41.70    4353   31.44   17794    1.68    0.98   -0.15
  0749    62387   412240    9.94    7.64   18.00    7.73    4.03     51   41.67    4350   31.42   17784    2.82    1.22   -0.11
  0750    62387   412240   11.00    0.09   17.62    7.77    4.36     55   41.31    4349   31.41   17781    0.90    0.82   -0.26
  0750    62387   412240   11.95    5.60   17.50    7.75    4.30     54   41.20    4349   31.40   17778    0.76    1.35   -0.20
  0750    62387   412240   12.95    4.65   17.41    7.75    4.22     53   41.11    4348   31.40   17775    0.60    1.34   -0.18
  0751    62387   412240   14.02    3.54   17.31    7.75    4.22     53   41.03    4349   31.41   17781    0.55    1.09   -0.34
  0751    62387   412240   15.04    2.51   17.14    7.75    4.10     51   40.89    4351   31.42   17791    0.88    1.10   -0.22
  0751    62387   412240   16.00    1.54   16.93    7.70    3.48     43   40.70    4351   31.42   17791    0.41    1.25   -0.28
  0752    62387   412240   16.99    0.45   16.81    7.64    2.49     31   40.59    4350   31.42   17788    0.62    1.32   -0.28
 -0710    65299   412099    0.93    0.28   23.66    8.21    8.77    123   45.84    4250   30.60   17286    2.39    1.06   -0.19
  0711    65299   412099    2.11    0.39   23.85    8.22    8.87    124   45.91    4241   30.53   17242    2.01    1.00   -0.28
  0713    65299   412099    3.03   11.37   23.36    8.20    8.85    123   45.82    4274   30.80   17400    2.35    0.92   -0.27
  0713    65299   412099    3.96   10.07   23.66    8.21    8.54    119   45.89    4255   30.64   17309    2.36    0.92   -0.23
  0714    65299   412099    5.06    8.48   21.50    8.01    6.97     94   44.31    4294   30.96   17501    2.92    1.31   -0.10
  0714    65299   412099    5.93    7.47   21.13    7.98    6.82     91   44.12    4308   31.07   17570    3.67    1.51   -0.21
  0716    65299   412099    7.13    6.67   18.62    7.71    4.10     52   42.06    4333   31.28   17699    2.76    1.28   -0.13
  0716    65299   412099    8.02    5.84   18.55    7.71    4.10     52   41.99    4331   31.27   17693    2.08    1.41   -0.18
  0716    65299   412099    8.96    5.14   18.28    7.67    3.77     48   41.78    4336   31.30   17715    2.36    1.12   -0.22
  0717    65299   412099   10.06    4.35   17.87    7.65    3.33     42   41.40    4334   31.29   17708    2.18    1.20   -0.25
  0717    65299   412099   11.13    3.80   17.65    7.67    3.27     41   41.27    4342   31.35   17744    1.57    1.04   -0.18
  0717    65299   412099   12.04    3.10   17.56    7.68    3.33     42   41.18    4341   31.34   17741    1.04    1.03   -0.13
  0718    65299   412099   12.94    2.29   17.50    7.68    3.37     42   41.14    4342   31.35   17748    1.33    1.08   -0.28
  0718    65299   412099   14.00    1.27   17.47    7.69    3.42     43   41.10    4341   31.34   17743    0.77    1.16   -0.36
 -0657    66411   411636    0.89    8.30   24.65    8.21    8.72    124   46.87    4261   30.69   17330    1.17    0.74   -0.33
  0657    66411   411636    1.89    0.42   24.10    8.20    8.82    124   46.58    4281   30.85   17426    1.71    1.23   -0.43
  0658    66411   411636    3.11    0.61   22.87    8.14    8.18    113   45.48    4285   30.88   17451    2.40    1.19   -0.22
  0658    66411   411636    4.01    0.30   22.17    8.10    8.16    111   45.04    4304   31.04   17544    2.25    1.17   -0.22
  0659    66411   411636    4.92    0.37   20.55    7.93    5.41     72   43.32    4282   30.85   17451    2.27    1.57   -0.28
  0659    66411   411636    6.12    3.25   19.57    7.88    6.10     79   42.94    4333   31.28   17694    2.14    1.33   -0.13
  0700    66411   411636    6.99    2.45   18.92    7.74    4.23     54   42.22    4321   31.18   17641    2.33    1.20   -0.24
  0701    66411   411636    8.03    1.26   17.75    7.65    3.35     42   41.27    4332   31.27   17699    1.06    1.07   -0.25
 -0645    67467   411387    1.01   11.14   24.37    8.25    9.50    135   46.69    4268   30.75   17365    1.07    0.65   -0.30
  0645    67467   411387    2.05   10.31   24.32    8.23    9.45    134   46.65    4269   30.75   17370    1.39    0.76   -0.44
  0645    67467   411387    3.06    0.41   24.34    8.24    9.34    132   46.65    4268   30.74   17364    1.20    0.99   -0.34
  0646    67467   411387    4.01    8.38   23.71    8.19    8.79    123   45.75    4238   30.50   17229    1.34    0.96   -0.42
  0646    67467   411387    5.03    7.36   21.01    8.05    8.09    108   44.14    4321   31.17   17629    1.98    1.37   -0.26
  0647    67467   411387    5.97    6.51   20.11    7.92    6.24     82   43.34    4323   31.20   17647    2.57    1.52   -0.23
  0648    67467   411387    7.12    5.37   18.58    7.70    3.81     49   41.84    4313   31.12   17608    2.99    1.39   -0.15
  0649    67467   411387    7.96    4.46   18.08    7.61    3.80     48   41.61    4336   31.30   17715    3.39    1.28   -0.04
  0649    67467   411387    9.08    3.39   17.90    7.63    3.15     40   41.40    4331   31.27   17696    2.46    1.68   -0.02
  0650    67338   411367   10.04    2.38   17.47    7.60    1.85     23   41.05    4335   31.30   17716    1.29    1.31   -0.19
  0651    67338   411367   10.92    1.56   17.47    7.60    2.23     28   41.08    4339   31.33   17733    1.74    1.11   -0.17
  0651    67338   411367   12.02    0.47   17.36    7.57    1.87     23   40.99    4340   31.34   17739    0.44    0.95   -0.25
 -0636    68975   411182    0.96    0.00   23.66    8.16    9.16    128   46.04    4269   30.75   17371    1.94    0.83   -0.29
  0636    68975   411182    2.02    4.49   23.70    8.15    9.13    128   46.08    4270   30.76   17375    1.90    0.88   -0.31
  0636    68975   411182    3.05    3.48   22.35    8.16    9.39    128   44.97    4282   30.86   17440    1.89    1.02   -0.13
  0636    68975   411182    4.03    2.07   21.44    8.11    9.29    125   44.44    4312   31.11   17588    1.71    1.28   -0.28
  0637    68975   411182    4.98    1.16   20.30    7.95    6.76     89   43.57    4330   31.25   17676    2.21    1.75   -0.22
 -0630    69204   411019    0.99    6.83   23.09    8.08    8.51    118   45.59    4276   30.81   17410    1.54    0.82   -0.27
  0631    69204   411019    1.97    5.57   23.00    8.09    8.55    118   45.50    4275   30.80   17406    1.56    0.94   -0.30
  0631    69204   411019    3.09    3.84   22.26    8.04    7.99    109   44.72    4266   30.73   17369    2.43    0.85   -0.27
  0631    69204   411019    4.06    2.70   21.59    8.06    8.12    109   44.12    4268   30.74   17378    1.90    0.92   -0.16
  0632    69204   411019    5.12    0.48   21.82    8.04    7.99    108   44.20    4254   30.64   17315    1.93    1.34   -0.23
  0632    69204   411019    6.14    0.38   21.42    8.03    8.07    109   44.22    4292   30.94   17493    1.73    1.26   -0.24
