# VERTIKAAL 7 Milieucontainer
* 04-08-2026 09:09:53
#X: 79309 - Y: 374370
#00 DONARLOCATIE: ZTS-45
#08 WAARNEMER(S): Hofman
@ par1.dat
## LUCHTDK    hPa <1010>

~     X       Y    DATUM   TIJD SENSHTE   Echms       T     pH   GELBH  GELDHD  SALNTT     CL- CHLFRFU  TROEBHFNU  PHYCOUGL
  79309  374370 20260804 90954    0.94    0.43   24.48   8.11   14.79    1349    8.68    4824    1.22       2.61      0.33
  79309  374370 20260804 91014    1.98    5.12   24.45   8.07   15.15    1382    8.92    4955    1.22       2.72      0.05
  79309  374370 20260804 91024    3.00    4.13   24.45   8.07   15.21    1388    8.96    4978    1.15       2.62     -0.13
  79309  374370 20260804 91033    3.91    3.15   24.44   8.05   15.36    1402    9.06    5033    1.15       2.89      0.04
  79309  374370 20260804 91047    4.90    2.24   24.41   8.02   15.70    1435    9.28    5159    1.16       2.70     -0.10
  79309  374370 20260804 91057    5.95    1.25   24.40   8.00   15.91    1453    9.41    5233    1.23       2.80     -0.15
