# MEETVAARTUIG         : MILIEUCONTAINER
# MEETDATUM            : 20-07-2026 11:59:05
# MEETGEBIED           : ZEELAND
# STARTPUNT            : ZTS15
# EINDPUNT             : OESTERDAM
# PROJECTCODE          : VERTIKAAL BASIS
# OPDRACHTGEVER        : WVL
# BEHEERDER            : MOBIEL METEN
# BEMONST. INST        : []
# WAARNEMER(S)         : Bernaards
#
* 20260720
$ 9999 [00000000000000000000]
>TIJD       uumm                         
>X          coordinaat                   
>Y          coordinaat                   
>SENSHTE    Diepte set           m       
>Echms      Echoset              mtrs    
>Temp       Temperatuur          oC      
>pH         Zuurgraad            pH      
>O2         Zuurstof             mg/l    
>%O2        Zuurstof%            %       
>GELBH      Geleidendheid        mS/cm   
>GELDHD     Geleidendheid        ???     
>SALNTT     Saliniteit           dimsl   
>CL-        Chloride             mg/l    
>CHLFRFU    Chlorofyl            RFU     
>TROEBHFNU  Troebelheid          FNU     
>PHYCOUGL   Phycocyanine         ug/l    
 -1342    72051   401842    1.04    7.18   22.90    8.90   10.30    120    1.46     138    0.77     327    1.37   12.73    3.63
  1342    72051   401842    2.13    6.33   22.85    8.90   10.30    119    1.46     138    0.77     327    1.25   11.91    3.13
  1343    72051   401842    3.02    5.53   22.84    8.91   10.20    119    1.46     138    0.77     327    1.31   13.52    2.54
  1343    72051   401842    3.98    4.48   22.85    8.92   10.30    120    1.46     138    0.77     327    1.35   11.74    2.73
  1343    72051   401842    5.01    3.39   22.85    8.92   10.50    121    1.46     138    0.77     327    1.32   13.83    3.09
  1344    72051   401842    6.02    2.63   22.85    8.92   10.50    121    1.46     138    0.77     327    1.24   10.65    3.27
  1344    72051   401842    7.10    1.57   22.85    8.92   10.40    121    1.46     138    0.77     327    1.33   11.89    2.51
  1344    72051   401842    7.99    0.54   22.83    8.91   10.30    120    1.46     138    0.77     327    1.39   12.41    3.07
 -2359    74950   394970    0.00    9999    9999    9999    9999   9999    9999    9999    9999    9999    9999    9999    9999
  2359    74950   394970    8.00    9999    9999    9999    9999   9999    9999    9999    9999    9999    9999    9999    9999
 -1423    73889   392148    0.91    6.60   22.84    8.83   10.70    124    1.61     152    0.85     376    1.76   12.09    2.70
  1424    73889   392148    1.95    5.41   22.83    8.84   10.80    126    1.61     152    0.85     375    1.77   11.31    2.26
  1424    73889   392148    2.95    4.65   22.83    8.84   10.90    126    1.61     152    0.85     375    1.80   10.84    1.79
  1425    73889   392148    3.97    3.55   22.84    8.84   10.90    127    1.61     152    0.85     376    1.64   10.58    2.81
  1425    73889   392148    5.05    2.45   22.84    8.84   10.90    126    1.61     152    0.85     375    1.81   10.38    2.49
  1425    73889   392148    5.92    1.57   22.83    8.81   10.70    124    1.61     152    0.85     376    1.92   10.09    2.06
  1426    73889   392148    6.95    0.51   22.84    8.81   10.60    123    1.61     152    0.85     376    1.86   13.94    1.55
 -1443    71594   391967    0.94   18.98   22.36    8.75    9.80    112    1.68     160    0.90     404    1.72    3.93    0.70
  1444    71594   391967    2.00   17.41   22.36    8.75    9.73    111    1.68     160    0.90     404    1.53    3.04    0.56
  1444    71594   391967    3.07   16.16   22.35    8.75    9.70    111    1.68     160    0.90     404    1.60    3.00    1.08
  1445    71594   391967    4.05   15.07   22.36    8.75    9.74    111    1.68     160    0.90     403    1.39    3.81    0.40
  1445    71594   391967    5.11   14.15   22.36    8.75    9.75    112    1.68     160    0.90     403    1.59    3.60    0.39
  1446    71594   391967    5.93   13.77   22.35    8.74    9.59    110    1.68     160    0.90     405    1.66    3.52    1.50
  1446    71594   391967    7.01    0.29   21.96    8.60    8.69     99    1.79     171    0.97     443    1.19    2.48    0.18
  1447    71594   391967    7.99   11.67   21.74    8.47    8.20     93    1.95     188    1.06     501    1.14    2.41    0.03
  1448    71594   391967   10.08    9.57   17.97    7.42    1.47     15    2.33     243    1.40     694    0.25    2.83   -0.33
  1448    71594   391967   10.10    9.57   17.89    7.41    1.27     13    2.34     245    1.41     701    0.19    2.56   -0.38
  1448    71594   391967   11.03    8.60   18.47    7.40    1.30     14    2.94     304    1.77     889    0.23    2.36   -0.36
  1449    71594   391967   12.00    7.52   18.53    7.36    0.84      9    3.55     366    2.16    1107    0.18    2.05   -0.31
  1449    71594   391967   12.95    6.47   17.58    7.36    0.41      4    3.57     376    2.22    1142    0.22    1.77   -0.39
  1450    71594   391967   13.98    5.27   17.15    7.36    0.21      2    3.86     410    2.43    1261    0.21    2.02   -0.30
  1450    71594   391967   15.02    4.20   15.23    7.40    0.11      1    3.99     444    2.65    1380    0.24    1.40   -0.16
  1451    71594   391967   16.10    3.02   14.38    7.42    0.05      1    3.93     445    2.66    1386    0.29    1.01   -0.27
  1451    71594   391967   16.95    2.36   14.20    7.44    0.02      0    3.95     450    2.69    1402    0.27    1.28   -0.29
  1452    71594   391967   18.00    1.47   14.20    7.47    0.00      0    4.97     565    3.43    1904    0.44    3.72   -0.05
  1452    71594   391967   18.93    0.59   14.32    7.47   -0.00      0    5.49     623    3.81    2113    0.39   11.09   -0.10
 -2359    72180   391770    0.00    9999    9999    9999    9999   9999    9999    9999    9999    9999    9999    9999    9999
  2359    72180   391770   17.00    9999    9999    9999    9999   9999    9999    9999    9999    9999    9999    9999    9999
 -1502    74000   390380    1.00   13.35   22.68    8.91    9999   9999    1.62     153    0.86     381    2.54    4.95    1.86
  1502    74000   390380    1.98   12.29   22.67    8.91    9999   9999    1.62     153    0.86     381    2.73    7.34    1.59
  1502    74000   390380    3.05   11.62   22.68    8.92    9999   9999    1.62     153    0.86     381    2.62    7.07    1.05
  1502    74000   390380    4.07   13.17   22.65    8.90    9999   9999    1.62     153    0.86     381    2.44    5.53    1.07
  1502    74000   390380    4.99   12.62   22.65    8.90    9999   9999    1.62     153    0.86     381    2.78    4.20    0.80
  1502    74000   390380    6.01   11.88   22.65    8.90    9999   9999    1.62     153    0.86     381    2.39    5.66    1.12
  1503    74000   390380    7.09   10.74   22.66    8.90    9999   9999    1.62     153    0.86     381    3.03    4.68    0.73
  1503    74000   390380    7.93    9.94   22.67    8.91    9999   9999    1.62     153    0.86     381    2.86    4.75    1.12
  1503    74000   390380    9.03    8.87   22.63    8.90    9999   9999    1.62     153    0.86     381    2.30    4.91    1.37
  1503    74000   390380    9.95    8.03   22.43    8.78    9999   9999    1.67     159    0.89     399    1.53    2.88    0.13
  1503    74000   390380   11.04    7.12   18.51    7.84    9999   9999    1.98     205    1.17     559    0.33    2.76   -0.32
  1503    74000   390380   11.99    6.11   17.57    7.65    9999   9999    2.09     221    1.26     615    0.29    2.74   -0.45
  1503    74000   390380   12.94    5.39   16.66    7.48    9999   9999    2.53     272    1.58     780    0.24    2.00   -0.37
  1503    74000   390380   14.03    4.30   15.56    7.43    9999   9999    3.16     349    2.05    1045    0.20    1.53   -0.42
  1504    74000   390380   15.06    3.65   14.89    7.41    9999   9999    3.38     378    2.24    1148    0.31    1.03   -0.38
  1504    74000   390380   15.90    2.67   15.00    7.42    9999   9999    3.36     375    2.22    1140    0.31    1.39   -0.21
  1504    74000   390380   16.97    1.50   14.96    7.42    9999   9999    3.40     380    2.25    1155    0.28    1.23   -0.26
  1505    74000   390380   17.91    0.58   14.70    7.41    9999   9999    3.39     381    2.25    1158    0.29    1.58   -0.31
 -1513    72894   390961    0.92    5.70   22.51    8.84    9999   9999    1.59     151    0.85     373    1.67   11.44    2.53
  1513    72894   390961    1.93    4.77   22.53    8.84    9999   9999    1.59     151    0.85     373    1.90    8.75    1.88
  1513    72894   390961    3.01    3.76   22.54    8.84    9999   9999    1.59     151    0.85     373    1.94    9.69    2.09
  1514    72894   390961    3.92    2.70   22.53    8.84    9999   9999    1.59     151    0.85     373    1.87    9.53    1.65
  1514    72894   390961    4.95    1.65   22.53    8.84    9999   9999    1.59     151    0.85     373    1.60   10.79    1.68
  1514    72894   390961    5.92    0.82   22.52    8.84    9999   9999    1.59     151    0.85     373    1.76   10.80    2.44
 -1525    74263   388516    1.00   15.14   22.27    8.77   10.00    115    1.59     152    0.85     376    1.17    9.01    2.03
  1536    74263   388516    2.05   12.06   22.23    8.72    9.78    112    1.60     153    0.85     378    1.22    6.42    0.79
  1537    74263   388516    3.01   11.67   22.22    8.71    9.74    111    1.60     152    0.85     378    1.02    9.07    0.70
  1537    74263   388516    4.03   11.89   22.24    8.72    9.78    112    1.60     153    0.85     378    0.97    7.00    1.85
  1537    74263   388516    4.95   12.08   22.23    8.72    9.76    112    1.60     153    0.85     378    1.13    6.50    1.80
  1538    74263   388516    5.99   11.07   22.23    8.72    9.74    111    1.60     153    0.85     378    1.19    5.97    0.72
  1539    74263   388516    7.03   10.02   22.22    8.72    9.82    112    1.60     153    0.85     378    1.09    6.62    1.83
  1539    74263   388516    8.09    8.97   22.21    8.71    9.78    112    1.60     153    0.86     379    1.05    6.56    1.12
  1539    74263   388516    9.06    7.86   22.21    8.70    9.70    111    1.60     153    0.86     379    0.97    7.09    0.92
  1539    74263   388516   10.05    6.12   22.21    8.69    9.64    110    1.60     153    0.86     380    1.11    8.63    0.99
  1540    74263   388516   11.04    4.21   22.20    8.69    9.56    109    1.60     153    0.86     380    1.17    7.55    1.00
  1540    74263   388516   12.10    2.50   22.20    8.69    9.55    109    1.61     153    0.86     381    1.03    8.81    0.54
  1540    74263   388516   13.10    1.32   22.19    8.69    9.57    109    1.61     153    0.86     381    1.08    7.57    1.83
  1541    74263   388516   14.15    0.73   22.19    8.69    9.59    109    1.60     153    0.86     380    1.10    7.18    0.55
  1541    74263   388516   14.97    0.00   22.19    8.69    9.62    110    1.60     153    0.86     380    1.23    7.64    1.49
 -1629    74489   385581    0.98    5.84   22.30    8.68    9999   9999    1.60     152    0.85     377    0.99   13.45    1.35
  1629    74489   385581    2.07    4.59   22.30    8.68    9999   9999    1.60     152    0.85     377    1.04   13.28    1.93
  1629    74489   385581    2.97    3.73   22.30    8.68    9999   9999    1.60     152    0.85     377    1.10   12.50    1.67
  1629    74489   385581    4.06    2.48   22.28    8.69    9999   9999    1.60     152    0.85     377    1.00   17.06    1.58
  1629    74489   385581    5.01    1.59   22.28    8.68    9999   9999    1.60     152    0.85     377    1.06   13.79    1.97
  1629    74489   385581    5.92    0.82   22.26    8.69    9999   9999    1.60     152    0.85     377    1.01   13.13    1.64
 -1612    74084   384872    0.98    5.66   22.21    8.58    9999   9999    1.61     154    0.86     382    0.98    6.02    1.39
  1613    74084   384872    1.91    4.66   22.21    8.58    9999   9999    1.61     154    0.86     382    0.83    6.13    0.59
  1613    74084   384872    2.98    3.69   22.22    8.57    9999   9999    1.61     154    0.86     382    0.94    5.13    0.65
  1613    74084   384872    3.93    2.66   22.21    8.57    9999   9999    1.61     154    0.86     382    0.86    5.46    0.79
  1613    74084   384872    5.00    1.55   22.21    8.57    9999   9999    1.61     154    0.86     382    0.84    5.97    0.77
  1613    74084   384872    5.99    0.53   22.22    8.57    9999   9999    1.61     154    0.86     382    0.77    5.71    0.75
