# MEETVAARTUIG         : MILIEUCONTAINER
# MEETDATUM            : 20-08-2026 09:28:14
# MEETGEBIED           : ZEELAND
# STARTPUNT            : GTS29
# EINDPUNT             : GTS21
# PROJECTCODE          : ZTS-ATS-VERTIKALEN
# OPDRACHTGEVER        : WVL
# BEHEERDER            : MOBIEL METEN
# BEMONST. INST        : []
# WAARNEMER(S)         : Damen
#
* 20260820
$ 9999 [00000000000000000000]
>TIJD       uumm                         
>X          coordinaat                   
>Y          coordinaat                   
>SENSHTE    Diepte set           m       
>Echms      Echoset              mtrs    
>Temp       Temperatuur          oC      
>pH         Zuurgraad            pH      
>O2         Zuurstof             mg/l    
>%O2        Zuurstof%            %       
>GELBH      Geleidendheid        mS/cm   
>GELDHD     Geleidendheid        ???     
>SALNTT     Saliniteit           dimsl   
>CL-        Chloride             mg/l    
>CHLFRFU    Chlorofyl            RFU     
>TROEBHFNU  Troebelheid          FNU     
>PHYCOUGL   Phycocyanine         ug/l    
 -2359    72881   400000    0.00    9999    9999    9999    9999   9999    9999    9999    9999    9999    9999    9999    9999
  2359    72881   400000    8.00    9999    9999    9999    9999   9999    9999    9999    9999    9999    9999    9999    9999
 -2359    74950   394970    0.00    9999    9999    9999    9999   9999    9999    9999    9999    9999    9999    9999    9999
  2359    74950   394970    8.00    9999    9999    9999    9999   9999    9999    9999    9999    9999    9999    9999    9999
 -0905    73940   392150    0.99    9999   21.62    8.61    9999   9999    1.67     162    0.91     410    0.45    6.42    0.61
  0905    73940   392150    2.07    9999   21.65    8.61    9999   9999    1.67     161    0.91     408    0.57    5.62    0.51
  0905    73940   392150    2.95    9999   21.60    8.61    9999   9999    1.68     162    0.91     411    0.49    7.52    0.38
  0905    73940   392150    3.97    9999   21.60    8.61    9999   9999    1.68     162    0.91     412    0.56    6.99    0.52
  0905    73940   392150    4.93    9999   21.60    8.61    9999   9999    1.68     162    0.91     412    0.54    6.98    0.61
 -0842    71556   392032    1.03    9999   21.16    8.70    7.29     83    1.84     179    1.01     471    0.48    4.94    0.89
  0842    71556   392032    1.99    9999   21.15    8.69    7.22     82    1.85     181    1.02     475    0.54    5.29    0.94
  0842    71556   392032    2.95    9999   21.11    8.69    7.19     82    1.87     183    1.03     482    0.54    4.09    0.87
  0842    71556   392032    3.95    9999   21.09    8.70    7.19     82    1.87     183    1.03     484    0.55    5.25    1.06
  0843    71556   392032    5.04    9999   21.08    8.70    7.23     82    1.88     184    1.04     487    0.69    5.87    1.10
  0843    71556   392032    6.00    9999   21.08    8.70    7.24     82    1.88     184    1.04     487    0.58    5.59    0.99
  0843    71556   392032    6.94    9999   21.08    8.70    7.24     82    1.88     184    1.04     487    0.63    4.90    0.77
  0844    71556   392032    8.03    9999   21.04    8.68    7.16     81    1.89     185    1.05     491    0.55    4.61    0.87
  0844    71556   392032    9.06    9999   21.03    8.67    7.08     80    1.91     187    1.06     497    0.53    4.34    0.67
  0845    71556   392032    9.97    9999   20.79    8.10    2.80     32    2.91     286    1.66     829    0.34    2.26    0.30
  0845    71556   392032   11.03    9999   19.62    7.72    0.58      6    4.14     418    2.48    1289    0.34    8.24    0.04
  0846    71556   392032   12.12    9999   18.62    7.64    0.36      4    4.15     428    2.54    1323    0.29    3.80   -0.08
  0846    71556   392032   13.05    9999   18.35    7.61    0.30      3    4.06     421    2.50    1300    0.33    3.55    0.06
  0847    71556   392032   14.02    9999   17.17    7.59    0.27      3    4.01     426    2.54    1319    0.33    2.76    0.08
  0847    71556   392032   15.06    9999   16.59    7.56    0.24      3    4.28     461    2.76    1442    0.37    2.05   -0.03
  0847    71556   392032   16.04    9999   15.61    7.53    0.22      2    4.44     489    2.94    1628    0.52    3.05    0.07
  0848    71556   392032   17.03    9999   15.26    7.49    0.20      2    4.54     504    3.03    1682    0.51    2.25    0.10
  0848    71556   392032   18.00    9999   14.63    7.36    0.19      2    5.38     606    3.70    2052    0.47    2.61    0.42
 -2359    72180   391770    0.00    9999    9999    9999    9999   9999    9999    9999    9999    9999    9999    9999    9999
  2359    72180   391770   17.00    9999    9999    9999    9999   9999    9999    9999    9999    9999    9999    9999    9999
 -0832    72700   391000    0.98    9999   21.24    8.56    9999   9999    1.73     168    0.95     433    0.61    5.00    0.70
  0832    72700   391000    1.92    9999   21.23    8.55    9999   9999    1.73     168    0.95     433    0.50    5.36    0.67
  0832    72700   391000    2.98    9999   21.23    8.58    9999   9999    1.75     170    0.96     438    0.52    4.60    0.70
  0832    72700   391000    3.95    9999   21.22    8.58    9999   9999    1.75     170    0.96     439    0.45    5.35    0.55
  0832    72700   391000    5.00    9999   21.22    8.59    9999   9999    1.75     170    0.96     439    0.50    4.47    0.61
  0832    72700   391000    5.93    9999   21.23    8.58    9999   9999    1.75     170    0.96     439    0.50    4.55    0.54
  0833    72700   391000    6.93    9999   21.23    8.58    9999   9999    1.75     170    0.96     439    0.46    4.86    0.54
  0833    72700   391000    7.99    9999   21.20    8.60    9999   9999    1.78     174    0.98     452    0.50    4.61    0.50
  0833    72700   391000    9.01    9999   21.08    8.61    9999   9999    1.79     175    0.99     455    0.39    4.39    0.55
  0833    72700   391000   10.05    9999   20.93    8.36    9999   9999    2.19     215    1.21     593    0.45    3.37    0.18
  0833    72700   391000   11.00    9999   19.69    8.02    9999   9999    3.08     310    1.80     911    0.32    1.80    0.08
  0833    72700   391000   11.91    9999   19.08    7.82    9999   9999    3.36     342    2.01    1024    0.28    1.22   -0.01
  0833    72700   391000   12.97    9999   17.49    7.69    9999   9999    3.50     369    2.18    1118    0.42    2.80    0.00
  0833    72700   391000   14.04    9999   16.44    7.58    9999   9999    3.62     391    2.31    1196    0.40    2.11    0.03
  0833    72700   391000   14.90    9999   16.20    7.52    9999   9999    3.68     400    2.37    1224    0.32    1.96    0.02
  0833    72700   391000   16.01    9999   15.80    7.47    9999   9999    3.73     408    2.43    1256    0.44    1.77    0.09
  0834    72700   391000   16.91    9999   15.58    7.41    9999   9999    3.76     415    2.47    1277    0.49    1.71    0.04
 -0825    74000   390380    0.96    9999   21.10    8.57    9999   9999    1.70     166    0.93     424    0.46    6.49    0.83
  0825    74000   390380    1.98    9999   21.11    8.57    9999   9999    1.70     166    0.93     424    0.63    6.93    0.76
  0825    74000   390380    3.14    9999   21.10    8.57    9999   9999    1.70     166    0.93     424    0.56    6.43    0.85
  0825    74000   390380    3.94    9999   21.13    8.58    9999   9999    1.70     166    0.93     424    0.49    6.52    0.73
  0825    74000   390380    5.14    9999   21.12    8.58    9999   9999    1.70     166    0.93     424    0.62    6.75    0.77
 -1255    74404   387849    0.97   21.52   21.52    8.74    7.98     92    1.71     166    0.93     423    0.66   10.33    1.54
  1256    74404   387849    1.97   21.52   21.53    8.74    8.00     92    1.71     166    0.93     423    0.58   11.24    1.43
  1256    74404   387849    2.97   21.52   21.51    8.69    7.77     89    1.71     165    0.93     423    0.49    8.93    1.21
  1256    74404   387849    4.09   21.52   21.47    8.67    7.55     87    1.71     166    0.93     423    0.57    9.79    1.21
  1257    74404   387849    5.08   21.52   21.52    8.74    7.95     91    1.71     166    0.93     423    0.59    9.69    1.65
  1258    74404   387849    6.05   21.52   21.53    8.74    7.95     91    1.71     166    0.93     423    0.50   10.45    1.37
  1258    74404   387849    7.04   21.52   21.52    8.73    7.94     91    1.71     166    0.93     423    0.60   11.01    1.21
  1258    74404   387849    7.99   21.52   21.54    8.74    7.97     92    1.71     166    0.93     424    0.69   10.48    1.48
  1259    74404   387849    8.93   21.52   21.54    8.74    7.97     91    1.71     166    0.93     424    0.56    9.78    1.28
  1259    74404   387849   10.11   21.52   21.50    8.73    7.89     91    1.71     166    0.93     424    0.64   11.51    1.38
  1260    74404   387849   10.94   21.52   21.51    8.73    7.86     90    1.71     166    0.93     423    0.59   11.62    1.29
  1300    74404   387849   12.05   21.52   21.51    8.73    7.86     90    1.71     166    0.93     424    0.53   10.66    1.49
  1300    74404   387849   12.97   21.52   21.48    8.72    7.81     90    1.71     166    0.93     424    0.51   11.64    1.66
  1301    74404   387849   13.94   21.52   21.41    8.72    7.73     89    1.71     166    0.93     425    0.66   12.53    1.34
 -0746    74559   385825    0.93    9999   21.57    8.66    9999   9999    1.73     167    0.94     428    0.63   12.66    1.57
  0746    74559   385825    1.99    9999   21.52    8.67    9999   9999    1.72     167    0.94     427    0.56   11.65    1.21
  0746    74559   385825    2.98    9999   21.53    8.67    9999   9999    1.72     167    0.94     427    0.65   12.18    1.21
  0746    74559   385825    3.99    9999   21.53    8.67    9999   9999    1.72     167    0.94     427    0.55   11.32    1.03
  0746    74559   385825    4.92    9999   21.53    8.67    9999   9999    1.72     167    0.94     427    0.56   12.14    1.21
  0746    74559   385825    5.95    9999   21.54    8.67    9999   9999    1.72     167    0.94     427    0.63   11.94    1.35
 -0801    74145   384650    0.93    9999   21.12    8.64    9999   9999    1.70     166    0.93     425    0.52    8.91    1.33
  0801    74145   384650    1.93    9999   21.11    8.64    9999   9999    1.70     166    0.93     425    0.51    8.66    1.35
  0801    74145   384650    3.00    9999   21.12    8.64    9999   9999    1.70     166    0.93     425    0.51    9.04    1.31
  0801    74145   384650    4.04    9999   21.12    8.64    9999   9999    1.70     166    0.93     425    0.52    8.17    1.27
  0801    74145   384650    4.91    9999   21.12    8.64    9999   9999    1.70     166    0.93     425    0.58    8.66    1.00
