# MEETVAARTUIG         : MILIEUCONTAINER
# MEETDATUM            : 24-06-2026 10:17:54
# MEETGEBIED           : ZEELAND
# STARTPUNT            : VTS01
# EINDPUNT             : VTS17
# PROJECTCODE          : ZTS-ATS-VERTIKALEN
# OPDRACHTGEVER        : WVL
# BEHEERDER            : MOBIEL METEN
# BEMONST. INST        : []
# WAARNEMER(S)         : Bernaards
#
* 20260624
$ 9999 [00000000000000000000]
>TIJD       uumm                         
>X          coordinaat                   
>Y          coordinaat                   
>SENSHTE    Diepte set           m       
>Echms      Echoset              mtrs    
>Temp       Temperatuur          oC      
>pH         Zuurgraad            pH      
>O2         Zuurstof             mg/l    
>%O2        Zuurstof%            %       
>GELBH      Geleidendheid        mS/cm   
>GELDHD     Geleidendheid        ???     
>SALNTT     Saliniteit           dimsl   
>CL-        Chloride             mg/l    
>CHLFRFU    Chlorofyl            RFU     
>TROEBHFNU  Troebelheid          FNU     
>PHYCOUGL   Phycocyanine         ug/l    
 -1148    72409   400678    1.02    7.75   23.21    8.64   10.60    124    1.48     138    0.77     328    0.63    1.24    0.05
  1148    72409   400678    1.96    6.80   23.01    8.63   10.50    123    1.47     138    0.77     327    0.76    1.57   -0.03
  1149    72409   400678    2.98    5.81   23.00    8.63   10.40    122    1.47     138    0.77     327    0.64    1.71    0.10
  1149    72409   400678    4.06    4.90   22.95    8.63   10.40    122    1.47     138    0.77     327    0.68    1.66    0.01
  1149    72409   400678    4.99    4.06   22.94    8.63   10.40    121    1.46     138    0.77     327    0.64    1.56    0.04
  1150    72409   400678    5.95    3.09   22.91    8.62   10.30    121    1.46     138    0.77     327    0.63    2.09    0.03
  1150    72409   400678    7.02    2.14   22.91    8.62   10.30    121    1.46     138    0.77     327    0.76    2.17    0.10
  1150    72409   400678    7.94    1.25   22.90    8.62   10.30    121    1.46     138    0.77     327    0.58    1.76    0.02
 -2359    74950   394970    0.00    9999    9999    9999    9999   9999    9999    9999    9999    9999    9999    9999    9999
  2359    74950   394970    8.00    9999    9999    9999    9999   9999    9999    9999    9999    9999    9999    9999    9999
 -1225    74280   393233    0.95    5.91   23.40    8.59    9999   9999    1.58     147    0.82     359    1.36    1.91    0.03
  1225    74280   393233    1.94    4.82   23.30    8.58    9999   9999    1.58     147    0.82     360    1.59    1.98    0.17
  1225    74280   393233    3.18    3.51   23.21    8.58    9999   9999    1.57     147    0.82     360    1.58    2.13    0.08
  1225    74280   393233    3.97    3.00   23.17    8.57    9999   9999    1.57     147    0.82     360    1.44    2.09    0.30
  1225    74280   393233    5.05    1.95   23.12    8.56    9999   9999    1.57     147    0.82     359    1.44    2.29    0.04
  1225    74280   393233    6.22    0.72   23.08    8.55    9999   9999    1.57     147    0.82     360    1.42    2.13    0.01
 -1243    71500   392060    0.86   18.66   25.58    8.93   12.90    159    1.67     149    0.83     367    0.67    1.06    0.17
  1244    71500   392060    1.93   17.55   25.30    8.92   12.90    158    1.66     149    0.83     366    1.02    1.10    0.18
  1244    71500   392060    3.03   15.75   24.85    8.91   12.50    151    1.65     150    0.83     367    1.19    1.08    0.38
  1252    71500   392060    4.06   15.72   23.51    8.86   11.70    139    1.61     150    0.84     369    1.00    1.19    0.17
  1245    71500   392060    4.93   13.69   23.19    8.76   11.60    136    1.60     150    0.84     369    1.26    1.11    0.02
  1245    71500   392060    6.07   12.37   22.15    8.65   11.70    134    1.58     151    0.84     373    1.43    0.97    0.05
  1246    71500   392060    7.08   11.06   19.02    8.29    9.26    100    1.91     195    1.10     524    0.62    0.74    0.12
  1246    71500   392060    8.05    9.82   17.56    8.14    8.43     88    1.66     175    0.99     455    0.37    0.48    0.13
  1246    71500   392060    8.95    8.93   17.39    8.10    8.17     85    1.67     177    1.00     463    0.29    0.59    0.06
  1247    71500   392060   10.00    7.94   17.14    8.04    7.81     81    1.78     190    1.08     506    0.31    0.52    0.01
  1247    71500   392060   10.88    8.25   17.30    7.95    7.14     75    2.07     219    1.26     610    0.43    0.67    0.01
  1247    71500   392060   12.10    6.83   18.03    7.94    7.02     75    3.07     321    1.87     948    0.36    1.08    0.05
  1248    71500   392060   13.02    6.15   17.70    7.83    6.36     67    3.34     351    2.06    1052    0.39    1.28    0.09
  1248    71500   392060   14.04    5.40   15.37    7.52    3.62     36    3.09     342    2.01    1023    0.36    1.57   -0.00
  1249    71500   392060   14.98    4.54   14.63    7.40    1.39     14    3.61     406    2.41    1247    0.40    1.22    0.05
  1250    71500   392060   15.92    3.69   13.85    7.39    0.59      6    3.55     407    2.42    1249    0.42    0.88    0.04
  1250    71500   392060   17.01    2.57   13.53    7.40    0.45      4    3.65     422    2.52    1304    0.31    0.64    0.22
  1250    71500   392060   18.00    1.54   13.32    7.41    0.39      4    3.85     447    2.68    1393    0.39    0.70    0.12
  1250    71500   392060   19.03    0.54   13.16    7.41    0.34      3    4.25     496    2.99    1657    0.40    0.74    0.06
 -2359    72180   391770    0.00    9999    9999    9999    9999   9999    9999    9999    9999    9999    9999    9999    9999
  2359    72180   391770   17.00    9999    9999    9999    9999   9999    9999    9999    9999    9999    9999    9999    9999
 -1235    72754   391002    0.96   16.71   24.61    8.97    9999   9999    1.63     148    0.83     362    0.80    1.16    0.17
  1235    72754   391002    2.03   15.57   24.41    8.97    9999   9999    1.62     148    0.83     363    1.06    1.30    0.24
  1235    72754   391002    2.92   14.77   24.04    8.95    9999   9999    1.61     148    0.83     364    1.37    1.29    0.30
  1235    72754   391002    4.01   13.86   23.56    8.81    9999   9999    1.60     148    0.83     364    1.93    1.25    0.28
  1235    72754   391002    5.11   12.96   22.61    8.69    9999   9999    1.58     150    0.84     369    1.74    1.18    0.15
  1235    72754   391002    5.99   12.02   22.22    8.65    9999   9999    1.57     150    0.84     368    1.79    1.10    0.16
  1235    72754   391002    6.99   11.06   21.63    8.62    9999   9999    1.57     151    0.85     374    1.70    1.10    0.09
  1235    72754   391002    7.99    9.92   18.24    8.34    9999   9999    1.56     162    0.91     412    0.74    0.52   -0.04
  1235    72754   391002    8.91    9.43   17.61    8.23    9999   9999    1.59     168    0.95     430    0.44    0.50    0.05
  1235    72754   391002   10.11    7.70   17.20    8.12    9999   9999    1.64     174    0.98     453    0.61    0.78   -0.00
  1236    72754   391002   10.81    7.64   16.27    7.76    9999   9999    2.09     227    1.32     637    0.58    1.22    0.13
  1236    72754   391002   12.02    6.04   16.83    7.91    9999   9999    2.09     224    1.29     627    0.50    0.95   -0.02
  1236    72754   391002   12.92    5.09   16.06    7.82    9999   9999    2.36     257    1.48     742    0.58    1.49    0.01
  1236    72754   391002   13.90    4.13   15.13    7.65    9999   9999    2.58     287    1.67     831    0.57    1.41    0.07
  1236    72754   391002   14.90    3.25   14.65    7.57    9999   9999    2.77     312    1.83     918    0.45    1.24    0.02
  1236    72754   391002   15.98    2.40   14.35    7.47    9999   9999    2.89     327    1.92     971    0.48    1.31   -0.13
  1236    72754   391002   16.92    1.12   14.24    7.40    9999   9999    2.90     329    1.93     977    0.39    1.37   -0.09
 -1304    74000   390380    0.95    5.91   23.58    8.71    9999   9999    1.61     150    0.84     368    1.26    1.41    0.09
  1304    74000   390380    2.18    4.33   23.04    8.68    9999   9999    1.60     150    0.84     368    1.55    1.51    0.37
  1304    74000   390380    3.20    3.24   23.06    8.68    9999   9999    1.60     150    0.84     368    1.66    1.45    0.24
  1304    74000   390380    4.25    2.29   22.95    8.67    9999   9999    1.59     150    0.84     369    1.55    1.61    0.17
  1304    74000   390380    5.21    1.41   22.78    8.66    9999   9999    1.59     150    0.84     369    1.53    1.66    0.10
  1304    74000   390380    6.04    0.73   22.43    8.64    9999   9999    1.58     150    0.84     371    1.34    1.97    0.08
 -1325    74426   387841    0.97   16.21   23.81    8.78   12.40    148    1.62     150    0.84     369    1.72    1.93    0.22
  1325    74426   387841    2.06   15.11   23.69    8.78   12.40    147    1.62     150    0.84     369    2.14    1.60    0.29
  1325    74426   387841    3.09   14.07   23.46    8.78   12.40    146    1.61     150    0.84     368    2.10    1.65    0.52
  1326    74426   387841    3.97   13.23   23.38    8.74   12.00    142    1.61     150    0.84     369    1.85    1.33    0.31
  1326    74426   387841    4.95   11.97   23.28    8.71   11.60    136    1.61     150    0.84     369    1.94    1.53    0.32
  1326    74426   387841    5.99   10.77   23.16    8.65   11.20    132    1.60     150    0.84     370    1.48    2.01    0.24
  1327    74426   387841    6.99    9.61   22.84    8.59   10.60    124    1.60     151    0.85     373    1.67    1.47    0.03
  1327    74426   387841    8.04    8.57   22.72    8.57   10.40    121    1.60     152    0.85     375    1.29    1.83    0.17
  1327    74426   387841    9.05    7.60   22.53    8.54   10.10    117    1.61     152    0.85     377    1.09    1.81    0.04
  1327    74426   387841   10.06    6.62   22.00    8.46    9.70    111    1.62     155    0.87     386    1.00    1.54    0.09
  1328    74426   387841   11.07    5.71   20.76    8.23    8.58     96    1.65     162    0.91     411    0.91    1.68    0.05
  1328    74426   387841   11.95    4.86   20.57    8.19    8.34     93    1.65     163    0.92     415    0.57    1.64   -0.16
  1329    74426   387841   12.98    4.02   19.41    7.91    6.62     72    1.88     190    1.08     508    0.74    2.01   -0.11
  1330    74426   387841   13.98    3.02   18.97    7.77    5.38     58    2.10     214    1.22     592    0.60    2.70    0.21
  1330    74426   387841   15.15    1.88   18.42    7.61    3.57     38    2.45     253    1.46     731    0.87    2.64    0.03
  1331    74426   387841   16.06    0.98   18.40    7.60    3.39     36    2.51     260    1.50     752    0.71    2.35    0.23
 -1352    74535   385569    1.00    5.48   23.97    8.68    9999   9999    1.66     153    0.86     380    0.69    3.20    0.03
  1352    74535   385569    2.06    4.13   24.00    8.68    9999   9999    1.66     153    0.86     380    0.76    3.24    0.22
  1352    74535   385569    2.97    3.11   23.95    8.68    9999   9999    1.66     153    0.86     381    0.73    3.40    0.16
  1352    74535   385569    3.93    2.29   23.90    8.68    9999   9999    1.66     153    0.86     381    0.83    3.51    0.03
  1352    74535   385569    5.04    1.30   23.81    8.67    9999   9999    1.66     153    0.86     381    0.68    3.78    0.03
  1352    74535   385569    6.12    0.30   23.75    8.67    9999   9999    1.66     153    0.86     381    0.68    3.83    0.06
 -1406    74107   384700    0.98    5.78   24.55    8.82    9999   9999    1.67     153    0.85     378    0.81    1.42    0.28
  1406    74107   384700    1.93    4.51   24.25    8.82    9999   9999    1.66     152    0.85     377    1.13    1.52    0.22
  1406    74107   384700    3.06    3.39   23.80    8.79    9999   9999    1.64     152    0.85     376    1.17    1.59    0.31
  1406    74107   384700    4.13    2.42   23.58    8.77    9999   9999    1.63     152    0.85     376    1.09    2.02    0.25
  1406    74107   384700    5.10    1.40   23.34    8.73    9999   9999    1.63     152    0.85     376    1.02    2.43    0.16
  1406    74107   384700    6.03    0.62   23.14    8.68    9999   9999    1.62     152    0.85     377    0.88    2.85    0.06
