# MEETVAARTUIG         : MILIEUCONTAINER
# MEETDATUM            : 06-07-2026 10:24:33
# MEETGEBIED           : ZEELAND
# STARTPUNT            : VTS 1
# EINDPUNT             : VTS 17
# PROJECTCODE          : VTS-VERTIKALEN
# OPDRACHTGEVER        : WVL
# BEHEERDER            : MOBIEL METEN
# BEMONST. INST        : []
# WAARNEMER(S)         : Bernaards
#
* 20260706
$ 9999 [00000000000000000000]
>TIJD       uumm                         
>X          coordinaat                   
>Y          coordinaat                   
>SENSHTE    Diepte set           m       
>Echms      Echoset              mtrs    
>Temp       Temperatuur          oC      
>pH         Zuurgraad            pH      
>O2         Zuurstof             mg/l    
>%O2        Zuurstof%            %       
>GELBH      Geleidendheid        mS/cm   
>GELDHD     Geleidendheid        ???     
>SALNTT     Saliniteit           dimsl   
>CL-        Chloride             mg/l    
>CHLFRFU    Chlorofyl            RFU     
>TROEBHFNU  Troebelheid          FNU     
>PHYCOUGL   Phycocyanine         ug/l    
 -1025    33242   400478    1.04   14.54   21.82    7.64    3.61     49   44.32    4266   30.73   17371    1.21    1.92   -0.01
  1025    33242   400478    1.90   14.07   21.73    7.64    3.57     48   44.23    4266   30.73   17368    1.02    1.78    0.00
  1025    33242   400478    3.01   13.36   21.58    7.58    2.91     39   44.08    4264   30.72   17363    0.82    2.11    0.03
  1026    33242   400478    4.04   12.99   21.58    7.57    2.69     36   44.08    4265   30.72   17365    0.69    2.18    0.04
  1026    33242   400478    5.04   12.72   21.55    7.53    2.22     30   44.06    4265   30.73   17368    0.67    2.46   -0.11
  1027    33242   400478    6.02   12.25   20.96    7.38    0.42      6   43.50    4263   30.71   17361    0.50    1.54   -0.01
  1027    33242   400478    7.05   10.93   19.75    7.36    0.30      4   42.37    4260   30.69   17352    0.41    1.19   -0.15
  1027    33242   400478    7.90    9.97   18.55    7.33    0.30      4   41.22    4253   30.63   17327    0.10    1.34   -0.02
  1028    33242   400478    8.95    8.99   17.93    7.34    0.46      6   40.52    4236   30.50   17254    0.04    0.85    0.12
  1028    33242   400478   10.04    7.93   17.61    7.36    0.67      8   40.07    4220   30.37   17178    0.11    0.60   -0.15
  1028    33242   400478   11.02    6.75   17.50    7.36    0.74      9   39.96    4218   30.36   17171    0.07    0.50    0.06
  1028    33242   400478   12.07    5.22   17.48    7.37    0.73      9   39.96    4220   30.37   17180    0.05    0.41   -0.06
  1029    33242   400478   13.05    3.65   17.49    7.37    0.70      9   40.00    4223   30.40   17194    0.12    0.39    0.02
  1029    33242   400478   14.08    2.21   17.50    7.37    0.66      8   40.03    4226   30.42   17208    0.10    0.41   -0.08
  1029    33242   400478   14.97    1.08   17.49    7.37    0.60      8   40.05    4228   30.44   17217    0.05    0.41    0.01
 -1032    33165   400265    1.00   13.28   21.83    7.66    3.46     47   44.32    4266   30.73   17368    1.43    1.91    0.18
  1032    33165   400265    2.06   12.36   21.75    7.66    3.53     48   44.24    4265   30.73   17366    1.07    1.98    0.06
  1033    33165   400265    2.99   11.72   21.70    7.64    3.47     47   44.20    4265   30.72   17366    0.99    1.81    0.01
  1033    33165   400265    4.04   10.52   21.63    7.62    3.26     44   44.12    4264   30.72   17362    0.91    2.00    0.08
  1033    33165   400265    5.08    9.51   21.50    7.54    2.26     30   44.01    4264   30.72   17363    0.89    2.19   -0.06
  1034    33165   400265    6.05    8.39   21.25    7.40    0.47      6   43.78    4264   30.71   17362    0.64    3.08   -0.07
  1034    33165   400265    7.07    7.07   20.49    7.39    0.35      5   43.15    4271   30.77   17399    0.41    1.73    0.04
  1035    33165   400265    7.97    6.40   18.92    7.34    0.33      4   41.50    4246   30.58   17294    0.16    1.79   -0.22
  1035    33165   400265    9.08    4.94   17.87    7.36    0.55      7   40.32    4222   30.38   17185    0.11    1.00    0.03
  1035    33165   400265    9.98    4.24   17.75    7.36    0.70      9   40.20    4220   30.38   17181    0.07    0.84   -0.08
  1036    33165   400265   10.99    3.20   17.49    7.38    0.73      9   39.97    4220   30.37   17181    0.08    0.37   -0.10
  1036    33165   400265   12.06    2.09   17.51    7.38    0.70      9   40.02    4224   30.40   17197    0.04    0.56    0.04
  1036    33165   400265   12.93    1.21   17.52    7.38    0.63      8   40.08    4229   30.44   17220    0.11    0.56   -0.07
 -1044    33788   399078    1.07   17.06   22.07    7.68    3.79     52   44.59    4270   30.77   17389    1.10    1.91    0.06
  1044    33788   399078    2.10   17.55   21.90    7.64    3.46     47   44.42    4270   30.76   17386    0.97    1.98    0.04
  1044    33788   399078    3.00   17.54   21.78    7.60    2.64     36   44.31    4269   30.76   17384    0.83    2.40    0.00
  1045    33788   399078    3.98   19.57   21.56    7.49    1.19     16   44.12    4270   30.76   17389    0.69    2.80   -0.08
  1046    33788   399078    4.97   18.83   21.41    7.38    0.32      4   43.95    4267   30.74   17378    0.88    3.18    0.01
  1046    33788   399078    6.15   17.83   21.03    7.39    0.24      3   43.58    4265   30.72   17368    0.69    1.71    0.08
  1046    33788   399078    6.91   15.89   20.77    7.40    0.19      3   43.40    4270   30.76   17393    0.51    2.30    0.09
  1047    33788   399078    8.04   14.38   19.49    7.37    0.18      2   42.11    4257   30.67   17342    0.28    2.31   -0.10
  1047    33788   399078    9.08   13.39   18.68    7.35    0.23      3   41.33    4251   30.62   17319    0.13    2.01   -0.12
  1047    33788   399078    9.97   13.16   18.37    7.34    0.33      4   40.95    4240   30.53   17269    0.13    1.72    0.03
  1047    33788   399078   10.97   12.54   18.10    7.34    0.51      6   40.62    4231   30.46   17229    0.18    1.38    0.01
  1048    33788   399078   12.10   11.43   18.00    7.35    0.56      7   40.50    4229   30.44   17218    0.11    1.26    0.04
  1048    33788   399078   13.11   10.48   17.92    7.35    0.53      7   40.44    4229   30.45   17221    0.13    1.38    0.03
  1048    33788   399078   14.06    9.48   17.90    7.35    0.50      6   40.42    4229   30.44   17218    0.06    1.61    0.11
  1048    33788   399078   15.05    8.47   17.82    7.36    0.49      6   40.34    4228   30.44   17217    0.07    1.54    0.03
  1049    33788   399078   16.03    7.41   17.63    7.37    0.49      6   40.21    4233   30.47   17237    0.07    1.25   -0.05
  1049    33788   399078   17.11    6.34   17.56    7.38    0.49      6   40.13    4230   30.45   17228    0.08    0.79    0.07
  1049    33788   399078   18.11    4.97   17.48    7.38    0.46      6   40.06    4231   30.46   17231    0.15    1.05    0.07
  1049    33788   399078   19.09    3.75   17.42    7.38    0.42      5   40.00    4230   30.45   17227    0.05    1.77    0.05
  1050    33788   399078   20.01    2.62   17.12    7.38    0.32      4   39.80    4236   30.50   17258    0.13    3.15   -0.11
  1050    33788   399078   20.97    1.21   16.31    7.52    0.16      2   38.96    4222   30.39   17196    0.11    1.19    0.02
  1050    33788   399078   21.84    0.27   15.99    7.57    0.13      2   38.65    4219   30.37   17183    0.26    1.59    0.00
 -1057    34909   398112    0.98    4.51   22.48    7.78    4.26     58   45.09    4282   30.86   17442    1.15    1.46    0.06
  1058    34909   398112    2.02    3.68   22.43    7.79    4.35     60   45.05    4282   30.86   17441    1.13    1.57    0.04
  1058    34909   398112    3.06    2.40   22.33    7.80    4.45     61   44.90    4277   30.82   17418    1.27    1.90    0.17
  1058    34909   398112    4.00    1.38   22.10    7.73    3.69     50   44.69    4277   30.82   17419    0.80    2.51   -0.05
  1059    34909   398112    4.85    0.43   21.98    7.68    2.81     38   44.67    4286   30.89   17460    0.72    2.42   -0.05
 -1103    35427   397482    1.03    8.75   22.67    7.85    5.14     71   45.31    4286   30.89   17460    1.63    1.45    0.16
  1103    35427   397482    2.02    8.69   22.62    7.85    5.07     70   45.25    4285   30.88   17454    1.63    1.37    0.16
  1103    35427   397482    3.08    9.21   22.54    7.83    4.97     68   45.16    4284   30.88   17449    1.41    1.38    0.14
  1104    35427   397482    4.01    7.81   22.34    7.78    4.35     60   45.00    4286   30.89   17458    0.97    1.40    0.05
  1104    35427   397482    5.00    6.96   22.31    7.76    4.01     55   45.03    4291   30.93   17484    0.78    1.62    0.05
  1105    35427   397482    6.10    5.35   21.93    7.67    2.75     37   44.78    4301   31.01   17532    0.64    1.99    0.08
  1105    35427   397482    7.11    4.65   21.59    7.61    1.99     27   44.52    4306   31.05   17556    0.62    2.36    0.03
  1106    35427   397482    7.99    2.50   20.80    7.43    0.44      6   43.81    4308   31.07   17569    0.24    3.85   -0.12
  1106    35427   397482    8.95    1.18   19.87    7.44    0.30      4   43.02    4314   31.12   17602    0.31    0.86    0.02
 -1112    36076   396982    0.97    7.33   22.70    7.86    5.10     70   45.34    4286   30.89   17458    1.83    1.47    0.07
  1112    36076   396982    2.06    5.78   22.60    7.85    5.11     70   45.22    4285   30.88   17452    1.72    1.36    0.19
  1112    36076   396982    3.07    4.24   22.46    7.83    5.05     69   45.08    4283   30.87   17446    1.10    1.29    0.07
  1113    36076   396982    4.04    3.47   22.38    7.81    4.97     68   45.00    4282   30.86   17441    0.99    1.31   -0.10
  1113    36076   396982    5.02    2.56   22.31    7.79    4.58     63   44.94    4283   30.87   17445    0.71    1.30   -0.04
  1114    36076   396982    5.96    1.47   22.31    7.78    4.26     58   44.95    4284   30.88   17451    0.81    1.32    0.07
 -1120    36676   396003    1.13    7.86   22.91    7.92    5.78     80   45.63    4295   30.96   17498    2.07    1.29    0.03
  1120    36676   396003    1.96    7.46   22.89    7.93    5.90     82   45.60    4295   30.96   17498    2.03    1.24    0.35
  1120    36676   396003    3.12    6.40   22.86    7.93    5.89     81   45.56    4294   30.96   17495    2.03    1.24    0.24
  1121    36676   396003    3.99    5.55   22.83    7.92    5.86     81   45.54    4294   30.96   17495    1.88    1.29    0.24
  1121    36676   396003    4.94    4.62   22.71    7.89    5.32     73   45.45    4296   30.98   17506    1.18    1.28    0.01
  1122    36676   396003    5.95    2.59   22.69    7.87    4.88     67   45.49    4301   31.02   17530    1.00    1.21    0.07
  1123    36676   396003    7.03    1.60   22.04    7.68    2.57     35   45.11    4323   31.19   17635    0.46    1.29    0.03
  1123    36676   396003    7.95    0.29   21.13    7.53    0.92     12   44.41    4336   31.30   17700    0.27    1.81   -0.21
 -1135    37236   394068    1.00   16.86   23.27    7.95    6.21     87   46.08    4306   31.05   17549    2.62    1.06    0.36
  1136    37236   394068    2.01   16.00   23.10    7.91    5.65     78   45.94    4308   31.07   17557    1.72    0.98    0.33
  1136    37236   394068    2.93   15.28   22.94    7.93    5.66     78   45.85    4314   31.12   17587    1.00    0.85    0.06
  1136    37236   394068    4.01   14.47   22.92    7.92    5.61     78   45.86    4317   31.14   17602    0.94    0.91    0.07
  1136    37236   394068    4.93   14.19   22.86    7.91    5.29     73   45.87    4323   31.19   17627    0.89    0.68   -0.04
  1137    37236   394068    5.99   13.00   22.69    7.86    4.62     64   45.89    4339   31.32   17705    0.59    0.68   -0.22
  1137    37236   394068    7.04   11.73   22.41    7.82    3.92     54   45.75    4351   31.42   17764    0.55    0.74   -0.00
  1138    37236   394068    8.10   10.45   21.92    7.72    2.83     39   45.29    4351   31.42   17765    0.42    0.86   -0.01
  1139    37236   394068    9.00    9.44   19.89    7.44    0.53      7   43.31    4341   31.34   17729    0.07    0.73   -0.19
  1139    37236   394068   10.06    8.38   19.14    7.42    0.36      5   42.55    4335   31.29   17704    0.16    0.47   -0.10
  1139    37236   394068   10.93    7.58   18.58    7.42    0.30      4   42.01    4332   31.27   17694    0.05    0.61    0.04
  1139    37236   394068   12.09    6.41   17.12    7.46    0.25      3   40.49    4311   31.10   17603    0.13    0.35   -0.04
  1140    37236   394068   12.95    5.51   15.78    7.52    0.22      3   39.08    4287   30.91   17499    0.11    0.43    0.03
  1140    37236   394068   13.99    4.49   15.49    7.55    0.20      2   38.81    4285   30.90   17492    0.12    0.71   -0.16
  1140    37236   394068   15.07    3.46   15.36    7.56    0.19      2   38.70    4285   30.90   17494    0.19    0.99   -0.07
  1140    37236   394068   16.11    2.41   15.31    7.57    0.17      2   38.63    4283   30.88   17482    0.09    1.04    0.09
  1141    37236   394068   16.91    1.51   15.28    7.57    0.17      2   38.61    4283   30.88   17483    0.05    1.10   -0.07
  1141    37236   394068   17.94    0.47   15.23    7.57    0.16      2   38.55    4282   30.87   17480    0.13    1.17    0.00
 -1146    38258   393991    1.03    7.32   22.96    7.93    5.88     81   45.74    4302   31.02   17530    1.19    0.76    0.18
  1146    38258   393991    2.06    6.14   22.94    7.93    5.83     81   45.74    4304   31.03   17539    1.02    0.78   -0.03
  1146    38258   393991    3.05    5.01   22.93    7.93    5.81     80   45.75    4305   31.04   17544    1.02    0.68    0.15
  1147    38258   393991    4.03    3.88   22.92    7.93    5.80     80   45.75    4306   31.05   17548    1.02    0.72    0.02
  1147    38258   393991    5.09    2.74   22.90    7.92    5.72     79   45.76    4309   31.08   17565    1.01    0.89    0.23
  1148    38258   393991    6.05    1.51   22.71    7.86    4.47     62   45.86    4334   31.28   17682    0.49    0.60   -0.04
  1148    38258   393991    7.01    0.29   22.23    7.77    3.28     45   45.65    4358   31.47   17796    0.37    0.57   -0.02
 -1206    40212   396037    0.99   20.34   23.26    7.96    6.44     90   46.22    4321   31.17   17617    1.55    0.86   -0.11
  1206    40212   396037    2.07   19.73   23.25    7.96    6.30     88   46.20    4320   31.16   17613    1.57    0.74    0.02
  1206    40212   396037    3.03   19.18   23.24    7.96    6.32     88   46.20    4321   31.17   17616    1.49    0.61    0.07
  1207    40212   396037    4.10   18.07   23.25    7.97    6.30     88   46.22    4321   31.17   17618    1.49    0.86    0.07
  1208    40212   396037    4.87   16.39   23.19    7.97    6.32     88   46.20    4324   31.19   17630    1.48    0.68    0.09
  1209    40212   396037    6.14   17.43   23.24    8.00    6.55     91   46.27    4327   31.22   17644    1.81    0.82    0.08
  1209    40212   396037    7.01   16.53   23.20    8.00    6.51     91   46.28    4331   31.26   17666    1.56    0.85    0.21
  1209    40212   396037    8.00   15.62   23.15    7.99    6.43     90   46.30    4338   31.31   17696    1.54    0.75    0.09
  1210    40212   396037    8.99   14.60   23.00    7.95    5.83     81   46.37    4358   31.47   17790    0.77    0.87    0.13
  1210    40212   396037   10.02   13.53   22.90    7.93    5.42     75   46.39    4368   31.55   17839    0.59    0.89   -0.10
  1211    40212   396037   11.03   11.86   22.61    7.89    4.82     67   46.13    4369   31.56   17843    0.43    1.18   -0.11
  1212    40212   396037   12.08    9.05   20.50    7.57    1.47     20   44.03    4357   31.47   17803    0.17    0.67   -0.02
  1212    40212   396037   13.02    7.50   20.12    7.55    1.21     16   43.71    4360   31.49   17816    0.24    0.68    0.07
  1212    40212   396037   14.07    6.11   19.62    7.52    1.02     13   43.24    4359   31.48   17814    0.10    0.55    0.02
  1213    40212   396037   15.06    4.87   19.29    7.50    0.92     12   42.94    4359   31.48   17816    0.07    0.65   -0.11
  1213    40212   396037   16.08    3.51   19.03    7.49    0.85     11   42.70    4359   31.49   17819    0.07    0.51   -0.10
  1213    40212   396037   17.04    2.50   18.89    7.48    0.83     11   42.54    4357   31.47   17808    0.12    0.65    0.04
  1214    40212   396037   17.96    1.25   18.84    7.48    0.83     11   42.49    4356   31.46   17804    0.09    0.57    0.02
  1214    40212   396037   18.97    0.26   18.81    7.48    0.81     10   42.46    4355   31.46   17802    0.05    0.99    0.19
 -1225    41778   397193    1.07    7.96   23.26    8.03    7.14    100   46.37    4334   31.28   17680    2.40    0.91    0.34
  1225    41778   397193    2.15    6.92   23.25    8.03    7.14    100   46.36    4334   31.28   17679    2.16    0.93    0.20
  1225    41778   397193    2.94    6.06   23.25    8.03    7.12     99   46.36    4334   31.28   17679    2.13    0.78    0.17
  1225    41778   397193    3.99    5.07   23.22    8.03    7.06     98   46.36    4337   31.30   17691    2.19    0.74    0.24
  1226    41778   397193    5.02    4.07   23.20    8.02    6.94     97   46.35    4338   31.31   17696    1.91    0.88    0.28
  1226    41778   397193    6.11    2.93   23.15    8.01    6.76     94   46.36    4343   31.35   17721    1.64    0.61    0.09
  1226    41778   397193    6.99    2.03   23.07    7.99    6.30     88   46.42    4356   31.46   17783    1.08    0.82    0.04
  1227    41778   397193    8.03    1.02   22.97    7.96    5.83     81   46.69    4391   31.74   17945    0.58    1.21   -0.08
 -1232    42713   397333    1.06   13.53   23.23    8.01    6.89     96   46.35    4335   31.29   17684    1.84    0.68    0.22
  1232    42713   397333    2.03   12.52   23.23    8.02    6.90     96   46.35    4336   31.29   17686    1.91    0.83    0.26
  1232    42713   397333    3.10   11.36   23.23    8.02    6.90     96   46.35    4336   31.29   17686    1.69    0.84    0.03
  1232    42713   397333    4.07    7.78   23.24    8.02    6.91     96   46.37    4336   31.30   17689    1.57    0.80    0.07
  1233    42713   397333    5.06    3.35   23.24    8.01    6.88     96   46.37    4336   31.30   17689    1.67    0.73    0.29
  1233    42713   397333    6.03    2.23   23.18    8.01    6.82     95   46.34    4338   31.31   17698    1.61    0.83    0.31
  1233    42713   397333    6.99    1.27   23.13    7.99    6.56     91   46.35    4344   31.36   17725    1.25    0.72    0.12
 -1243    44341   396435    1.07    5.18   22.98    8.03    7.17    100   46.28    4351   31.41   17759    0.69    0.68    0.14
  1243    44341   396435    2.01    4.21   23.03    8.03    7.12     99   46.40    4357   31.46   17787    1.17    0.73    0.17
  1243    44341   396435    3.14    2.37   23.08    8.04    7.15    100   46.51    4363   31.51   17816    1.17    0.74    0.03
  1244    44341   396435    4.01    1.29   23.10    8.04    7.14    100   46.57    4367   31.54   17832    1.39    0.70    0.02
 -1249    45275   396395    0.94    9.23   23.28    8.05    7.39    103   46.67    4361   31.49   17803    1.19    0.67    0.26
  1250    45275   396395    1.99    8.75   23.25    8.05    7.38    103   46.65    4362   31.50   17808    1.24    0.62    0.14
  1250    45275   396395    2.88    8.46   23.17    8.04    7.29    102   46.60    4364   31.52   17819    1.30    0.78    0.17
  1250    45275   396395    4.05    6.60   23.09    8.03    7.11     99   46.62    4374   31.60   17864    1.06    0.67    0.04
  1251    45275   396395    4.98    5.38   23.03    8.02    6.90     96   46.66    4382   31.66   17903    0.93    0.70    0.17
  1251    45275   396395    6.12    3.65   22.96    8.01    6.77     94   46.70    4392   31.75   17952    0.64    0.77    0.09
  1251    45275   396395    7.05    2.65   22.86    7.99    6.41     89   46.76    4407   31.87   18021    0.78    0.86   -0.03
  1252    45275   396395    8.14    1.74   22.84    7.98    6.30     88   46.77    4410   31.89   18034    0.51    0.96   -0.01
  1252    45275   396395    9.15    0.92   22.84    7.98    6.23     87   46.79    4411   31.90   18040    0.85    1.19    0.04
 -1258    46103   396827    1.10    4.68   23.18    8.06    7.52    105   46.78    4380   31.65   17894    1.64    0.71    0.00
  1258    46103   396827    2.15    3.45   23.13    8.05    7.49    104   46.76    4383   31.67   17907    1.73    0.86    0.06
  1258    46103   396827    3.07    2.68   23.08    8.05    7.45    104   46.76    4387   31.70   17926    1.52    0.66    0.05
  1259    46103   396827    4.05    1.70   22.94    8.04    7.31    102   46.82    4404   31.85   18009    1.34    0.88    0.16
  1259    46103   396827    5.03    0.72   22.85    8.02    7.18    100   46.90    4420   31.97   18083    0.91    1.00    0.02
 -1308    47930   396754    1.08   13.22   23.05    8.01    7.06     98   46.83    4396   31.78   17971    0.71    0.75   -0.05
  1308    47930   396754    1.91   12.33   23.02    8.02    7.09     99   46.81    4397   31.79   17975    0.85    0.72    0.03
  1308    47930   396754    3.09   11.07   22.73    8.01    7.03     97   46.83    4425   32.02   18109    1.07    1.13   -0.02
  1309    47930   396754    4.05   10.23   22.62    8.00    6.97     96   46.81    4433   32.08   18144    0.98    1.30    0.04
  1309    47930   396754    4.99    8.90   22.57    8.00    6.86     95   46.81    4437   32.11   18163    0.91    1.35    0.07
  1309    47930   396754    6.10    7.91   22.53    7.99    6.82     94   46.82    4443   32.16   18191    0.77    1.47   -0.07
  1310    47930   396754    7.07    6.99   22.47    7.99    6.78     94   46.84    4450   32.21   18223    0.68    1.58    0.02
  1310    47930   396754    8.06    6.02   22.44    7.99    6.77     94   46.84    4452   32.23   18236    0.55    1.90   -0.12
  1310    47930   396754    9.11    4.98   22.43    7.98    6.77     94   46.85    4455   32.25   18247    0.51    1.77    0.04
  1310    47930   396754    9.98    4.08   22.41    7.98    6.78     94   46.87    4458   32.28   18261    0.57    1.94   -0.14
  1311    47930   396754   10.98    2.76   22.39    7.98    6.78     94   46.88    4460   32.30   18274    0.82    1.99    0.09
  1311    47930   396754   12.00    1.69   22.36    7.98    6.77     93   46.88    4463   32.32   18285    0.56    2.00   -0.05
  1311    47930   396754   13.03    0.49   22.34    7.98    6.74     93   46.88    4464   32.33   18293    0.56    2.54    0.03
 -1318    49009   395898    1.10    7.93   22.97    8.04    7.52    105   47.00    4420   31.97   18080    1.15    1.00    0.09
  1318    49009   395898    1.87    8.58   22.95    8.04    7.52    105   46.99    4420   31.98   18084    1.31    1.02   -0.04
  1319    49009   395898    1.96    9.48   22.94    8.04    7.54    105   47.00    4422   31.99   18091    1.54    0.91    0.11
  1319    49009   395898    3.04    8.29   22.89    8.04    7.52    105   46.99    4426   32.02   18110    1.47    1.26    0.28
  1319    49009   395898    4.10    7.08   22.87    8.03    7.50    104   46.99    4428   32.04   18120    1.35    0.95    0.03
  1320    49009   395898    5.08    6.13   22.83    8.03    7.45    104   46.98    4430   32.05   18130    1.22    1.15    0.05
  1320    49009   395898    6.04    5.11   22.78    8.02    7.37    102   46.96    4433   32.08   18142    1.15    1.07   -0.11
  1320    49009   395898    7.05    4.17   22.74    8.01    7.24    100   46.95    4435   32.10   18156    0.77    1.16    0.07
  1320    49009   395898    8.02    3.27   22.73    8.00    7.12     99   46.96    4437   32.11   18165    0.60    1.01    0.00
  1320    49009   395898    9.08    2.39   22.64    8.00    7.06     98   46.99    4448   32.20   18215    0.60    1.13   -0.07
  1321    49009   395898   10.12    1.42   22.46    7.98    6.88     95   46.95    4460   32.30   18272    0.45    1.23   -0.11
