# MEETVAARTUIG         : MILIEUCONTAINER
# MEETDATUM            : 17-08-2026 08:20:24
# MEETGEBIED           : ZEELAND
# STARTPUNT            : VEERE
# EINDPUNT             : VTS-20
# PROJECTCODE          : VTS-VERTIKALEN
# OPDRACHTGEVER        : WVL
# BEHEERDER            : MOBIEL METEN
# BEMONST. INST        : []
# WAARNEMER(S)         : Hs
#
* 20260817
$ 9999 [00000000000000000000]
>TIJD       uumm                         
>X          coordinaat                   
>Y          coordinaat                   
>SENSHTE    Diepte set           m       
>Echms      Echoset              mtrs    
>Temp       Temperatuur          oC      
>pH         Zuurgraad            pH      
>O2         Zuurstof             mg/l    
>%O2        Zuurstof%            %       
>GELBH      Geleidendheid        mS/cm   
>GELDHD     Geleidendheid        ???     
>SALNTT     Saliniteit           dimsl   
>CL-        Chloride             mg/l    
>CHLFRFU    Chlorofyl            RFU     
>TROEBHFNU  Troebelheid          FNU     
>PHYCOUGL   Phycocyanine         ug/l    
 -0820    33202   400541    1.02    9999   22.11    7.77    6.80     94   45.96    4398   31.80   17985    2.97    0.92    0.25
  0821    33202   400541    2.00    9999   22.09    7.76    6.71     92   45.98    4402   31.83   18001    3.09    1.07    0.26
  0821    33202   400541    3.06    9999   22.08    7.76    6.61     91   46.01    4405   31.85   18016    3.51    0.98    0.26
  0822    33202   400541    3.93    9999   22.07    7.75    6.62     91   45.98    4403   31.84   18009    3.20    1.01    0.27
  0822    33202   400541    5.03    9999   22.03    7.75    6.55     90   45.95    4405   31.85   18017    3.31    0.94    0.23
  0823    33202   400541    5.06    9999   22.01    7.74    6.49     89   45.94    4405   31.85   18016    3.72    0.96    0.25
  0823    33202   400541    5.99    9999   22.00    7.74    6.45     89   45.94    4405   31.85   18018    3.40    0.85    0.21
  0824    33202   400541    7.12    9999   21.98    7.70    6.04     83   45.91    4406   31.86   18021    2.36    0.83    0.18
  0825    33202   400541    7.98    9999   21.87    7.66    5.49     75   45.79    4404   31.84   18012    2.07    0.85    0.09
  0825    33202   400541    9.04    9999   21.78    7.63    5.12     70   45.69    4403   31.84   18008    1.55    0.76    0.14
  0826    33202   400541    9.93    9999   21.76    7.63    4.97     68   45.67    4402   31.83   18004    1.66    0.72    0.10
  0826    33202   400541   11.02    9999   21.77    7.63    4.90     67   45.69    4403   31.84   18009    1.61    0.80    0.12
  0827    33202   400541   12.01    9999   21.77    7.62    4.84     66   45.70    4404   31.84   18012    1.39    0.88    0.03
  0827    33202   400541   12.97    9999   21.78    7.62    4.80     66   45.70    4403   31.84   18011    1.53    0.90    0.09
  0828    33202   400541   13.94    9999   21.77    7.63    4.74     65   45.69    4404   31.84   18012    1.23    0.92    0.05
  0828    33202   400541   15.03    9999   21.73    7.61    4.52     62   45.66    4404   31.84   18014    0.99    0.89    0.03
  0829    33202   400541   16.05    9999   21.73    7.60    4.39     60   45.66    4404   31.85   18014    1.01    0.80    0.04
  0829    33202   400541   17.03    9999   21.69    7.58    4.14     57   45.62    4404   31.85   18016    0.77    1.06    0.03
  0830    33202   400541   17.93    9999   21.65    7.57    3.76     51   45.53    4397   31.76   17984    1.06    1.16    0.06
 -0837    33149   400248    1.03    9999   22.22    7.79    6.93     96   46.14    4405   31.85   18016    3.27    0.95    0.24
  0837    33149   400248    1.94    9999   22.22    7.78    6.84     94   46.13    4404   31.85   18013    2.98    0.96    0.25
  0838    33149   400248    2.96    9999   22.22    7.78    6.79     94   46.13    4405   31.85   18016    3.06    0.92    0.30
  0839    33149   400248    4.05    9999   22.14    7.76    6.61     91   46.08    4407   31.87   18024    3.19    0.96    0.28
  0839    33149   400248    5.01    9999   22.03    7.73    6.27     86   45.96    4405   31.85   18016    3.07    0.93    0.20
  0840    33149   400248    6.01    9999   22.05    7.73    6.22     86   45.99    4406   31.86   18020    2.88    0.89    0.17
  0840    33149   400248    7.00    9999   22.02    7.72    6.09     84   45.95    4405   31.86   18019    3.03    0.91    0.24
  0841    33149   400248    8.03    9999   21.97    7.69    5.91     81   45.90    4405   31.85   18018    2.73    0.87    0.20
  0841    33149   400248    8.98    9999   21.93    7.68    5.60     77   45.85    4404   31.84   18011    1.98    0.83    0.12
  0842    33149   400248   10.04    9999   21.81    7.65    5.19     71   45.73    4404   31.84   18011    2.10    0.79    0.08
  0842    33149   400248   10.97    9999   21.78    7.64    5.02     69   45.70    4403   31.83   18008    1.45    0.81    0.10
  0843    33149   400248   12.03    9999   21.75    7.63    4.89     67   45.66    4402   31.83   18005    1.29    0.79    0.05
 -0851    33885   398928    1.00    9999   22.56    7.70    5.78     80   46.55    4414   31.92   18054    1.59    0.69    0.16
  0852    33885   398928    1.95    9999   22.56    7.71    5.77     80   46.55    4413   31.92   18051    1.35    0.61    0.07
  0852    33885   398928    3.02    9999   22.56    7.71    5.77     80   46.54    4413   31.92   18051    1.41    0.66    0.08
  0853    33885   398928    4.02    9999   22.46    7.65    5.04     70   46.42    4410   31.89   18036    1.28    0.69    0.11
  0853    33885   398928    5.02    9999   22.10    7.64    4.82     66   46.20    4422   31.99   18095    1.07    0.76    0.05
  0854    33885   398928    5.95    9999   21.88    7.63    4.70     64   45.82    4406   31.86   18022    1.14    0.76    0.06
  0854    33885   398928    6.97    9999   21.83    7.62    4.60     63   45.78    4406   31.86   18021    0.99    0.71    0.06
  0903    33885   398928    7.96    9999   21.76    7.61    4.15     57   45.69    4404   31.84   18013    0.81    0.79    0.01
  0855    33885   398928    8.96    9999   21.92    7.61    4.07     56   45.93    4413   31.92   18055    0.75    0.67    0.02
  0856    33885   398928   10.01    9999   21.77    7.60    4.07     56   45.73    4407   31.87   18027    0.65    0.70    0.05
  0857    33885   398928   11.07    9999   21.75    7.59    3.97     54   45.71    4407   31.87   18029    0.65    0.72   -0.10
  0857    33885   398928   11.94    9999   21.76    7.58    3.81     52   45.74    4409   31.88   18036    0.66    0.74    0.03
  0858    33885   398928   12.95    9999   21.83    7.59    3.62     50   45.86    4413   31.92   18056    0.62    0.71    0.04
  0858    33885   398928   14.02    9999   21.90    7.59    3.49     48   45.96    4417   31.95   18074    0.62    0.65    0.04
  0859    33885   398928   15.09    9999   21.84    7.58    3.39     46   45.89    4415   31.94   18067    0.53    0.57    0.03
  0859    33885   398928   16.05    9999   21.86    7.58    3.31     45   45.91    4417   31.95   18072    0.56    0.66    0.02
  0900    33885   398928   17.01    9999   21.86    7.58    3.26     45   45.92    4417   31.95   18073    0.55    0.64    0.01
  0901    33885   398928   18.01    9999   21.88    7.58    3.21     44   45.96    4418   31.96   18080    0.57    0.57    0.01
  0901    33885   398928   18.97    9999   21.87    7.57    3.15     43   45.95    4418   31.96   18081    0.58    0.57    0.05
  0902    33885   398928   20.04    9999   21.89    7.57    3.07     42   45.97    4419   31.97   18085    0.54    0.58    0.02
  0902    33885   398928   21.07    9999   21.89    7.57    3.04     42   45.97    4419   31.97   18084    0.68    0.77    0.04
 -0912    34994   398042    0.98    9999   22.97    7.81    6.67     93   47.03    4422   31.99   18090    2.81    0.97    0.22
  0913    34994   398042    2.01    9999   22.93    7.77    6.31     88   46.99    4422   31.99   18093    2.39    0.93    0.19
  0913    34994   398042    3.06    9999   22.97    7.79    6.41     90   47.02    4421   31.98   18088    3.30    0.90    0.32
  0914    34994   398042    4.07    9999   22.88    7.75    5.94     83   46.98    4425   32.01   18106    2.15    0.87    0.11
  0915    34994   398042    4.97    9999   22.68    7.70    5.26     73   46.85    4431   32.06   18137    1.55    0.86    0.13
 -0921    35447   397433    1.00    9999   23.13    7.84    7.15    100   47.21    4424   32.01   18102    3.03    0.88    0.24
  0921    35447   397433    2.02    9999   23.12    7.85    7.16    101   47.20    4425   32.01   18102    2.83    0.98    0.25
  0922    35447   397433    3.03    9999   23.12    7.85    7.17    101   47.21    4425   32.01   18103    2.76    0.95    0.28
  0922    35447   397433    3.98    9999   23.12    7.84    7.08     99   47.21    4426   32.02   18108    2.67    0.87    0.21
  0923    35447   397433    4.96    9999   23.08    7.82    6.80     95   47.20    4428   32.04   18118    2.82    0.86    0.24
  0924    35447   397433    6.03    9999   22.55    7.71    4.83     67   46.82    4440   32.14   18179    1.25    0.81    0.07
  0924    35447   397433    6.96    9999   22.54    7.72    4.70     65   46.84    4443   32.16   18192    1.23    0.86    0.07
  0925    35447   397433    7.97    9999   22.34    7.70    4.39     60   46.65    4443   32.16   18194    1.03    0.85    0.04
  0925    35447   397433    9.01    9999   22.17    7.69    4.07     56   46.53    4446   32.19   18210    0.83    1.10    0.06
  0926    35447   397433    9.99    9999   22.15    7.68    3.81     53   46.50    4445   32.18   18206    0.78    1.27    0.09
 -0933    36136   396893    0.97    9999   23.23    7.93    7.40    104   47.30    4424   32.01   18099    7.07    1.15    0.67
  0933    36136   396893    1.98    9999   23.22    7.93    7.39    104   47.29    4424   32.01   18101    6.25    1.17    0.61
  0933    36136   396893    3.02    9999   23.22    7.92    7.38    104   47.29    4424   32.00   18099    6.07    1.14    0.50
  0934    36136   396893    3.94    9999   23.26    7.88    6.96     98   47.39    4430   32.06   18129    4.93    1.15    0.45
  0936    36136   396893    5.12    9999   23.05    7.76    5.40     76   47.25    4440   32.13   18172    1.68    0.77    0.05
  0935    36136   396893    6.03    9999   22.91    7.74    5.38     75   47.18    4441   32.15   18183    1.21    0.76    0.05
 -0942    36696   395960    0.99    9999   23.39    7.92    7.48    106   47.56    4434   32.08   18144    3.61    0.98    0.47
  0943    36696   395960    2.03    9999   23.38    7.91    7.46    105   47.55    4434   32.09   18146    3.78    0.90    0.34
  0943    36696   395960    3.05    9999   23.36    7.92    7.48    105   47.52    4433   32.08   18141    3.25    0.94    0.28
  0943    36696   395960    3.96    9999   23.36    7.92    7.47    105   47.52    4433   32.08   18141    3.12    0.92    0.27
  0944    36696   395960    4.97    9999   23.47    7.87    6.70     95   47.86    4455   32.25   18243    1.14    0.62    0.01
  0945    36696   395960    6.01    9999   22.75    7.76    5.10     71   47.19    4457   32.27   18256    0.61    0.61   -0.01
  0945    36696   395960    7.03    9999   22.55    7.73    4.76     66   46.98    4455   32.26   18249    0.48    0.72    0.04
  0946    36696   395960    7.99    9999   22.39    7.72    4.45     62   46.83    4456   32.26   18253    0.43    0.85    0.03
 -0957    37361   393917    1.01    9999   23.65    7.96    7.77    110   47.98    4449   32.21   18216    3.37    0.79    0.34
  0958    37361   393917    1.97    9999   23.64    7.96    7.73    110   47.97    4449   32.21   18216    2.96    0.80    0.26
  0959    37361   393917    3.01    9999   23.65    7.95    7.70    109   47.98    4450   32.22   18219    2.92    0.80    0.24
  0959    37361   393917    4.01    9999   23.65    7.95    7.66    109   47.99    4451   32.22   18223    2.88    0.77    0.15
  0959    37361   393917    4.96    9999   23.66    7.94    7.58    108   48.01    4452   32.23   18228    2.52    0.72    0.21
  1000    37361   393917    5.97    9999   23.52    7.93    7.16    102   48.15    4477   32.44   18347    0.93    0.53    0.04
  1001    37361   393917    7.09    9999   23.07    7.86    6.11     86   47.68    4474   32.41   18336    0.67    0.54    0.01
  1001    37361   393917    7.98    9999   22.86    7.83    5.54     78   47.48    4475   32.42   18343    0.49    0.44    0.01
  1002    37361   393917    9.01    9999   22.78    7.81    5.36     75   47.41    4476   32.42   18343    0.50    0.60    0.01
  1002    37361   393917    9.99    9999   22.67    7.79    5.12     72   47.29    4473   32.41   18334    0.40    0.55    0.01
  1003    37361   393917   11.07    9999   22.57    7.79    4.95     69   47.19    4473   32.40   18333    0.39    0.66    0.03
  1004    37361   393917   11.96    9999   22.46    7.77    4.86     68   47.05    4470   32.38   18320    0.31    0.78    0.04
  1004    37361   393917   13.02    9999   22.30    7.75    4.64     64   46.86    4467   32.35   18304    0.37    1.16    0.02
  1005    37361   393917   14.08    9999   22.22    7.74    4.46     62   46.77    4465   32.34   18297    0.36    1.34    0.02
  1005    37361   393917   15.03    9999   22.12    7.73    4.20     58   46.66    4464   32.33   18292    0.35    1.80   -0.07
  1006    37361   393917   15.97    9999   22.10    7.73    4.09     56   46.63    4463   32.32   18290    0.36    2.07    0.01
  1006    37361   393917   16.87    9999   22.03    7.70    3.61     50   46.57    4464   32.33   18293    0.37    3.75    0.03
 -1012    38313   394007    1.04    9999   23.56    7.98    7.82    111   47.90    4451   32.22   18222    2.28    0.71    0.20
  1013    38313   394007    2.10    9999   23.56    7.98    7.82    111   47.90    4451   32.22   18222    2.22    0.68    0.17
  1013    38313   394007    2.94    9999   23.49    7.96    7.68    109   47.91    4457   32.27   18253    2.03    0.65    0.13
  1014    38313   394007    3.98    9999   23.33    7.94    7.60    107   47.86    4458   32.25   18264    1.47    0.57    0.08
  1014    38313   394007    5.04    9999   23.25    7.91    6.82     96   47.70    4461   32.30   18271    1.70    0.63    0.05
  1015    38313   394007    5.99    9999   22.65    7.80    5.33     74   47.34    4480   32.46   18366    0.43    0.49    0.02
 -1048    40120   395990    1.09    9999   23.41    7.98    7.69    109   47.85    4460   32.29   18265    1.98    0.64    0.15
  1049    40120   395990    2.06    9999   23.41    7.98    7.67    108   47.87    4461   32.31   18273    2.37    0.64    0.21
  1048    40120   395990    3.04    9999   23.41    7.98    7.66    108   47.87    4462   32.31   18274    2.27    0.56    0.15
  1049    40120   395990    3.99    9999   23.40    7.97    7.66    108   47.87    4462   32.31   18277    2.38    0.66    0.13
  1050    40120   395990    5.00    9999   23.29    7.95    7.41    105   47.88    4474   32.41   18331    1.91    0.72    0.11
  1050    40120   395990    5.99    9999   23.17    7.91    7.06     99   47.85    4481   32.46   18365    1.66    0.68    0.10
  1051    40120   395990    7.01    9999   22.85    7.81    5.61     79   47.60    4487   32.52   18397    0.53    0.47    0.05
  1052    40120   395990    8.03    9999   22.71    7.81    5.40     75   47.53    4492   32.56   18423    0.52    0.53    0.02
  1052    40120   395990    9.01    9999   22.61    7.81    5.20     72   47.45    4494   32.58   18433    0.52    0.55    0.06
  1053    40120   395990   10.02    9999   22.64    7.82    5.09     71   47.47    4494   32.57   18431    0.55    0.66    0.02
  1053    40120   395990   10.96    9999   22.59    7.81    5.00     70   47.45    4497   32.60   18446    0.55    0.80    0.01
  1054    40120   395990   11.98    9999   22.54    7.81    4.93     69   47.40    4496   32.59   18443    0.47    0.77    0.00
  1054    40120   395990   13.01    9999   22.48    7.80    4.80     67   47.35    4497   32.59   18444    0.51    0.89    0.01
  1055    40120   395990   14.08    9999   22.49    7.80    4.78     67   47.36    4497   32.60   18445    0.54    0.73    0.03
  1055    40120   395990   15.00    9999   22.43    7.79    4.71     65   47.30    4497   32.60   18446    0.46    0.73    0.03
  1056    40120   395990   16.02    9999   22.44    7.80    4.68     65   47.31    4497   32.60   18446    0.57    0.80    0.06
  1057    40120   395990   17.01    9999   22.38    7.79    4.60     64   47.24    4496   32.59   18443    0.41    0.71    0.04
  1057    40120   395990   18.01    9999   22.35    7.79    4.53     63   47.20    4495   32.58   18437    0.47    0.62    0.00
  1058    40120   395990   19.03    9999   22.33    7.79    4.48     62   47.17    4494   32.58   18435    0.37    0.80    0.00
  1058    40120   395990   20.00    9999   22.30    7.78    4.43     61   47.15    4495   32.58   18437    0.37    0.71    0.01
 -1117    41713   397171    0.97    9999   23.08    8.00    8.01    112   47.53    4459   32.29   18266    1.79    0.60    0.10
  1119    41713   397171    2.05    9999   23.04    8.00    8.07    113   47.51    4461   32.30   18273    1.99    0.71    0.20
  1119    41713   397171    3.04    9999   23.02    7.98    7.90    111   47.54    4466   32.34   18296    2.44    0.82    0.30
  1120    41713   397171    4.04    9999   22.99    7.90    7.05     99   47.70    4483   32.48   18376    1.66    0.57    0.15
  1120    41713   397171    4.98    9999   22.94    7.88    6.68     94   47.74    4492   32.56   18421    1.24    0.65    0.04
  1121    41713   397171    6.03    9999   22.93    7.88    6.58     92   47.76    4495   32.58   18432    1.31    0.57    0.05
  1121    41713   397171    6.95    9999   22.96    7.89    6.67     93   47.83    4499   32.61   18452    1.60    0.63    0.06
  1122    41713   397171    7.98    9999   22.87    7.86    6.15     86   47.80    4504   32.65   18477    1.02    0.88    0.06
 -1128    42804   397333    1.01    9999   22.89    7.95    7.53    105   47.46    4470   32.38   18316    2.39    0.73    0.30
  1129    42804   397333    1.95    9999   22.90    7.94    7.52    105   47.50    4473   32.40   18331    2.48    0.76    0.19
  1130    42804   397333    2.98    9999   22.93    7.94    7.37    104   47.60    4479   32.45   18358    2.44    0.80    0.19
  1130    42804   397333    3.96    9999   23.02    7.91    6.96     98   47.93    4502   32.63   18464    1.75    0.69    0.11
  1130    42804   397333    4.93    9999   23.02    7.90    6.78     95   47.94    4503   32.65   18472    1.46    0.62    0.09
  1131    42804   397333    6.03    9999   23.00    7.87    6.19     87   47.98    4508   32.69   18497    1.23    0.69    0.04
  1132    42804   397333    6.96    9999   22.99    7.87    6.09     86   47.97    4509   32.69   18499    1.18    0.64    0.04
  1132    42804   397333    7.95    9999   22.94    7.85    5.66     79   47.96    4512   32.72   18513    0.94    0.82    0.03
  1133    42804   397333    9.01    9999   22.88    7.85    5.52     77   47.89    4512   32.72   18513    0.85    0.76    0.05
  1133    42804   397333   10.03    9999   22.84    7.84    5.39     76   47.86    4512   32.72   18516    0.92    0.89    0.06
  1133    42804   397333   10.99    9999   22.82    7.84    5.26     74   47.85    4513   32.73   18520    0.73    0.94    0.10
  1134    42804   397333   12.05    9999   22.81    7.83    5.14     72   47.86    4515   32.74   18530    0.88    0.99    0.06
  1134    42804   397333   13.05    9999   22.81    7.83    5.05     71   47.86    4515   32.74   18530    0.91    0.94    0.03
  1135    42804   397333   14.03    9999   22.82    7.83    5.03     70   47.87    4515   32.74   18529    0.76    1.11    0.05
 -1145    44415   396366    1.08    9999   23.46    8.05    8.12    115   48.61    4525   32.82   18573    3.20    0.85    0.23
  1146    44415   396366    1.97    9999   23.46    8.05    8.12    115   48.61    4526   32.83   18575    3.77    0.85    0.26
  1146    44415   396366    2.98    9999   23.46    8.06    8.17    116   48.60    4525   32.82   18573    3.23    0.82    0.16
  1147    44415   396366    3.99    9999   23.52    8.06    8.11    115   48.69    4528   32.85   18588    2.69    0.74    0.17
  1148    44415   396366    5.02    9999   23.44    8.04    7.62    108   48.70    4535   32.91   18621    1.81    0.64    0.07
 -1155    45299   396403    1.01    9999   23.47    8.03    7.92    112   48.68    4532   32.88   18604    2.96    0.82    0.19
  1155    45299   396403    2.02    9999   23.42    8.03    7.85    111   48.65    4533   32.89   18611    2.98    0.83    0.16
  1156    45299   396403    3.02    9999   23.34    8.01    7.47    106   48.62    4538   32.93   18632    2.74    0.85    0.17
  1156    45299   396403    4.00    9999   23.30    8.00    7.31    103   48.60    4539   32.94   18641    2.54    0.83    0.10
  1157    45299   396403    5.01    9999   23.24    7.98    6.93     98   48.58    4543   32.97   18658    2.10    0.76    0.14
  1157    45299   396403    6.02    9999   23.23    7.97    6.73     95   48.57    4543   32.97   18658    2.39    0.77    0.13
  1158    45299   396403    7.03    9999   23.23    7.97    6.64     94   48.57    4543   32.97   18658    2.22    0.85    0.09
  1158    45299   396403    7.97    9999   23.14    7.95    6.36     90   48.52    4546   33.00   18674    1.47    0.86    0.04
  1159    45299   396403    9.01    9999   23.08    7.94    6.08     86   48.46    4547   33.00   18679    1.32    0.74    0.02
  1159    45299   396403   10.02    9999   23.01    7.93    5.91     83   48.41    4548   33.01   18684    0.99    0.91    0.02
  1160    45299   396403   11.01    9999   22.98    7.93    5.73     81   48.39    4549   33.02   18688    0.95    1.09    0.05
 -1206    46222   396873    1.04    9999   23.27    8.06    8.25    116   48.37    4521   32.79   18553    3.06    0.75    0.18
  1207    46222   396873    2.00    9999   23.20    8.06    8.22    116   48.32    4522   32.80   18561    3.26    0.76    0.17
  1207    46222   396873    2.98    9999   23.11    8.05    8.15    115   48.28    4527   32.84   18586    3.43    0.85    0.22
  1208    46222   396873    4.04    9999   23.02    8.03    7.71    109   48.32    4539   32.93   18639    3.69    0.96    0.29
  1208    46222   396873    4.92    9999   22.99    7.99    7.31    103   48.38    4547   33.00   18678    2.33    1.01    0.16
 -1218    48026   396636    1.02    9999   23.08    7.99    7.24    102   48.45    4545   32.99   18669    1.17    0.69    0.07
  1219    48026   396636    2.03    9999   23.08    7.99    7.22    102   48.44    4545   32.99   18668    1.30    0.82    0.08
  1219    48026   396636    2.99    9999   23.02    7.98    7.15    101   48.48    4554   33.06   18711    1.58    0.88    0.07
  1219    48026   396636    3.89    9999   23.03    7.98    7.09    100   48.57    4562   33.12   18749    1.23    0.85    0.07
  1220    48026   396636    5.04    9999   22.97    7.96    6.89     97   48.53    4563   33.13   18755    0.77    1.04    0.03
  1221    48026   396636    6.04    9999   22.96    7.95    6.72     95   48.52    4563   33.13   18755    0.70    1.28    0.04
  1221    48026   396636    7.05    9999   22.95    7.95    6.67     94   48.51    4563   33.13   18754    0.75    1.07    0.01
  1221    48026   396636    8.06    9999   22.92    7.95    6.62     93   48.47    4562   33.13   18751    0.73    1.17    0.02
  1222    48026   396636    8.98    9999   22.90    7.94    6.57     92   48.44    4561   33.12   18746    0.76    1.24    0.07
  1222    48026   396636   10.01    9999   22.83    7.95    6.55     92   48.36    4560   33.11   18739    0.69    1.37    0.07
  1223    48026   396636   11.00    9999   22.77    7.96    6.65     93   48.28    4558   33.09   18730    0.71    1.23    0.07
  1223    48026   396636   11.97    9999   22.72    7.96    6.69     94   48.21    4557   33.08   18727    0.69    1.36    0.05
  1224    48026   396636   12.96    9999   22.71    7.96    6.70     94   48.19    4556   33.07   18721    0.67    1.23    0.02
  1224    48026   396636   13.92    9999   22.70    7.96    6.69     94   48.18    4555   33.07   18720    0.69    1.30    0.06
 -1231    48840   395936    1.01    9999   22.91    7.97    6.97     98   48.37    4554   33.06   18713    0.71    0.99    0.07
  1231    48840   395936    1.99    9999   22.76    7.96    6.90     97   48.22    4554   33.06   18715    1.07    1.09    0.09
  1231    48840   395936    2.99    9999   22.73    7.96    6.87     96   48.20    4554   33.06   18713    1.06    1.13    0.07
  1232    48840   395936    3.99    9999   22.64    7.96    6.91     97   48.10    4553   33.05   18708    0.81    1.27    0.07
  1232    48840   395936    5.00    9999   22.68    7.96    6.93     97   48.13    4553   33.05   18708    1.02    1.26    0.08
  1233    48840   395936    6.06    9999   22.74    7.96    6.94     97   48.20    4553   33.05   18708    0.96    1.28    0.05
  1233    48840   395936    7.03    9999   22.63    7.96    6.88     96   48.08    4553   33.05   18707    0.76    1.36    0.03
  1234    48840   395936    8.00    9999   22.61    7.96    6.84     96   48.07    4553   33.05   18709    0.75    1.41    0.07
  1234    48840   395936    9.06    9999   22.60    7.95    6.80     95   48.06    4553   33.05   18707    0.70    1.35    0.06
