# MEETVAARTUIG         : MILIEUCONTAINER
# MEETDATUM            : 03-08-2026 12:50:54
# MEETGEBIED           : ZEELAND
# STARTPUNT            : ZANDKREEK
# EINDPUNT             : ZANDKREEK
# PROJECTCODE          : VTS-VERTIKALEN
# OPDRACHTGEVER        : WVL
# BEHEERDER            : MOBIEL METEN
# BEMONST. INST        : []
# WAARNEMER(S)         : Damen
#
* 20260803
$ 9999 [00000000000000000000]
>TIJD       uumm                         
>X          coordinaat                   
>Y          coordinaat                   
>SENSHTE    Diepte set           m       
>Echms      Echoset              mtrs    
>Temp       Temperatuur          oC      
>pH         Zuurgraad            pH      
>O2         Zuurstof             mg/l    
>%O2        Zuurstof%            %       
>GELBH      Geleidendheid        mS/cm   
>GELDHD     Geleidendheid        ???     
>SALNTT     Saliniteit           dimsl   
>CL-        Chloride             mg/l    
>CHLFRFU    Chlorofyl            RFU     
>TROEBHFNU  Troebelheid          FNU     
>PHYCOUGL   Phycocyanine         ug/l    
 -1251    33207   400543    1.03    9999   22.95    7.98    8.45    118   46.40    4365   31.53   17823    1.89    0.63    0.29
  1251    33207   400543    2.09    9999   22.73    7.97    8.38    117   46.23    4369   31.56   17843    2.42    0.75    0.35
  1252    33207   400543    2.97    9999   22.19    7.90    7.55    104   45.69    4365   31.53   17830    2.49    0.61    0.20
  1252    33207   400543    3.94    9999   22.08    7.89    7.44    103   45.58    4364   31.53   17827    2.55    0.65    0.25
  1252    33207   400543    5.00    9999   21.60    7.79    6.34     87   45.08    4359   31.48   17804    2.33    0.57    0.25
  1253    33207   400543    6.04    9999   21.42    7.76    6.01     82   44.88    4356   31.46   17793    1.47    0.53    0.06
  1253    33207   400543    7.01    9999   21.39    7.74    5.79     79   44.84    4356   31.45   17790    1.65    0.52    0.19
  1253    33207   400543    8.02    9999   21.33    7.72    5.48     75   44.78    4354   31.44   17784    1.23    0.50    0.10
  1254    33207   400543    9.05    9999   21.28    7.70    5.27     72   44.73    4354   31.44   17781    1.01    0.44    0.05
  1254    33207   400543    9.96    9999   21.25    7.69    5.12     70   44.70    4354   31.44   17784    1.17    0.37   -0.05
  1254    33207   400543   11.07    9999   21.22    7.67    4.89     66   44.66    4353   31.43   17779    0.62    0.50    0.01
  1255    33207   400543   12.07    9999   21.11    7.63    4.53     61   44.56    4353   31.43   17779    0.63    0.52    0.05
  1255    33207   400543   13.03    9999   21.10    7.63    4.33     59   44.55    4353   31.43   17778    0.54    0.60   -0.12
  1255    33207   400543   13.98    9999   21.08    7.62    4.27     58   44.53    4353   31.43   17777    0.64    0.55    0.01
  1256    33207   400543   15.05    9999   21.08    7.62    4.25     57   44.53    4353   31.43   17777    0.59    0.46   -0.02
 -1243    33150   400211    1.09    9999   22.76    7.99    8.52    119   46.29    4371   31.57   17852    2.64    0.67    0.24
  1243    33150   400211    2.02    9999   22.57    7.98    8.53    119   46.11    4371   31.58   17854    2.54    0.68    0.01
  1244    33150   400211    2.95    9999   22.09    7.87    7.18     99   45.64    4369   31.56   17848    2.63    0.66    0.23
  1244    33150   400211    3.95    9999   21.89    7.85    6.89     95   45.41    4365   31.53   17829    2.68    0.64    0.28
  1245    33150   400211    5.05    9999   21.67    7.82    6.62     91   45.16    4361   31.50   17812    1.98    0.59    0.17
  1245    33150   400211    6.01    9999   21.48    7.75    5.85     80   44.96    4359   31.48   17803    1.39    0.53    0.14
  1245    33150   400211    7.01    9999   21.43    7.73    5.57     76   44.90    4357   31.47   17796    1.20    0.44    0.00
  1246    33150   400211    7.99    9999   21.38    7.73    5.52     75   44.84    4356   31.46   17791    1.06    0.52    0.05
  1246    33150   400211    9.06    9999   21.29    7.70    5.30     72   44.74    4355   31.45   17786    0.91    0.49    0.05
  1247    33150   400211    9.97    9999   21.25    7.68    5.02     68   44.69    4354   31.44   17781    0.90    0.45    0.02
  1247    33150   400211   11.01    9999   21.14    7.63    4.47     61   44.58    4352   31.43   17776    0.56    0.52   -0.13
  1248    33150   400211   11.97    9999   21.10    7.62    4.23     57   44.54    4352   31.42   17773    0.58    0.56   -0.22
 -1226    33899   398882    1.04    9999   23.03    7.98    8.45    119   46.57    4374   31.60   17865    2.45    0.69    0.03
  1227    33899   398882    1.98    9999   22.98    7.99    8.47    119   46.54    4375   31.61   17871    2.87    0.69    0.29
  1227    33899   398882    2.93    9999   22.61    7.97    8.16    114   46.19    4375   31.61   17875    2.81    0.63    0.33
  1227    33899   398882    3.97    9999   22.55    7.97    8.14    113   46.15    4376   31.62   17880    2.37    0.59    0.20
  1228    33899   398882    4.98    9999   22.08    7.81    6.51     90   45.60    4367   31.54   17838    1.60    0.58    0.06
  1228    33899   398882    5.97    9999   21.95    7.81    6.30     87   45.49    4368   31.55   17842    1.35    0.48   -0.03
  1229    33899   398882    6.98    9999   21.77    7.76    5.82     80   45.28    4364   31.52   17827    1.04    0.52    0.07
  1229    33899   398882    8.03    9999   21.49    7.65    4.57     62   44.99    4361   31.50   17815    0.59    0.61    0.14
  1230    33899   398882    8.99    9999   21.43    7.59    3.76     51   44.94    4361   31.50   17814    0.75    0.46    0.20
  1230    33899   398882   10.03    9999   21.41    7.57    3.52     48   44.93    4362   31.51   17819    0.68    0.43    0.03
  1231    33899   398882   10.98    9999   21.37    7.56    3.23     44   44.89    4362   31.50   17818    0.43    0.41    0.01
  1231    33899   398882   12.04    9999   21.28    7.55    3.01     41   44.80    4362   31.50   17819    0.33    0.47    0.04
  1231    33899   398882   12.91    9999   21.23    7.55    2.99     41   44.74    4360   31.49   17810    0.43    0.38   -0.00
  1232    33899   398882   14.04    9999   21.22    7.54    2.88     39   44.74    4361   31.50   17814    0.28    0.36    0.11
  1232    33899   398882   14.96    9999   21.23    7.54    2.81     38   44.75    4361   31.50   17815    0.29    0.36    0.03
  1233    33899   398882   16.03    9999   21.22    7.53    2.77     38   44.75    4361   31.50   17818    0.25    0.47    0.18
  1233    33899   398882   16.98    9999   21.22    7.53    2.72     37   44.75    4362   31.50   17819    0.44    0.30   -0.14
  1233    33899   398882   17.97    9999   21.22    7.53    2.70     37   44.75    4362   31.50   17818    0.32    0.37    0.02
  1234    33899   398882   19.06    9999   21.21    7.53    2.65     36   44.74    4361   31.50   17818    0.46    0.36   -0.09
  1234    33899   398882   19.93    9999   21.20    7.53    2.64     36   44.73    4362   31.50   17819    0.20    0.42    0.07
 -1217    35012   398028    1.02    9999   23.11    7.96    7.73    109   46.78    4386   31.69   17920    2.40    0.75    0.30
  1217    35012   398028    2.00    9999   23.05    7.96    7.70    108   46.71    4384   31.68   17914    2.49    0.64    0.17
  1218    35012   398028    2.96    9999   22.80    7.94    7.53    105   46.51    4388   31.72   17935    2.43    0.65    0.03
  1218    35012   398028    4.05    9999   22.69    7.90    7.05     98   46.41    4388   31.71   17933    1.95    0.50    0.24
  1219    35012   398028    5.05    9999   22.61    7.88    6.57     91   46.30    4385   31.69   17919    1.85    0.47    0.03
 -1207    35459   397439    0.96    9999   23.26    7.99    7.91    112   46.93    4388   31.71   17929    2.67    0.76    0.29
  1208    35459   397439    2.04    9999   22.91    7.95    7.27    102   46.63    4389   31.72   17938    2.65    0.74    0.42
  1208    35459   397439    3.04    9999   22.79    7.90    6.61     92   46.47    4385   31.69   17920    2.57    0.67    0.08
  1208    35459   397439    3.99    9999   22.58    7.86    6.19     86   46.31    4389   31.72   17940    1.85    0.47    0.26
  1209    35459   397439    5.01    9999   22.55    7.84    6.05     84   46.30    4391   31.73   17946    1.78    0.59    0.10
  1209    35459   397439    5.99    9999   22.53    7.78    5.15     72   46.28    4391   31.74   17948    1.50    0.66    0.01
  1210    35459   397439    6.97    9999   21.88    7.60    3.26     45   45.62    4386   31.70   17928    0.75    0.73    0.18
  1210    35459   397439    8.01    9999   21.83    7.57    2.63     36   45.67    4396   31.78   17975    0.51    0.81   -0.07
  1211    35459   397439    8.91    9999   21.94    7.56    2.10     29   45.98    4416   31.94   18067    0.49    0.98    0.01
  1211    35459   397439   10.06    9999   21.86    7.52    1.28     18   45.97    4422   31.99   18099    0.41    1.44   -0.15
 -1159    36170   396874    1.00    9999   23.14    8.00    7.35    103   46.75    4380   31.65   17895    5.40    1.14    0.49
  1200    36170   396874    1.96    9999   22.85    7.97    7.28    102   46.59    4391   31.74   17949    3.93    0.80    0.46
  1200    36170   396874    3.00    9999   22.73    7.93    6.84     96   46.52    4396   31.78   17969    2.37    0.75    0.22
  1201    36170   396874    3.96    9999   22.65    7.87    6.24     87   46.45    4397   31.78   17974    1.73    0.58    0.04
  1201    36170   396874    5.01    9999   22.60    7.85    5.88     82   46.41    4397   31.79   17977    1.67    0.54    0.07
  1201    36170   396874    6.06    9999   22.56    7.83    5.50     77   46.39    4398   31.80   17982    1.42    0.58    0.22
 -1149    36690   395925    1.03    9999   23.22    8.00    7.74    109   46.99    4396   31.78   17969    3.18    0.81    0.36
  1149    36690   395925    2.03    9999   23.09    7.99    7.68    108   46.88    4397   31.79   17974    3.62    0.80    0.42
  1150    36690   395925    3.02    9999   23.08    7.99    7.55    106   46.86    4396   31.78   17968    3.19    0.82    0.18
  1150    36690   395925    3.95    9999   23.00    7.98    7.49    105   46.82    4400   31.81   17989    3.03    0.72    0.19
  1150    36690   395925    5.01    9999   22.92    7.97    7.20    101   46.71    4396   31.78   17971    2.54    0.65    0.28
  1151    36690   395925    6.00    9999   22.47    7.78    4.68     65   46.45    4413   31.91   18050    0.92    0.55    0.01
  1152    36690   395925    7.04    9999   22.17    7.65    2.89     40   46.35    4430   32.05   18133    0.57    0.56    0.04
  1152    36690   395925    7.97    9999   22.06    7.63    2.68     37   46.29    4435   32.09   18155    0.40    0.55    0.13
 -1129    37413   393847    1.05    9999   23.75    8.07    8.22    117   47.58    4405   31.85   18006    2.91    0.58    0.22
  1129    37413   393847    1.99    9999   23.67    8.07    8.20    117   47.52    4405   31.85   18008    3.41    0.78    0.39
  1130    37413   393847    2.98    9999   23.52    8.05    8.03    114   47.37    4405   31.85   18007    3.01    0.72    0.35
  1130    37413   393847    4.05    9999   23.48    8.03    7.75    110   47.32    4404   31.84   18003    2.18    0.69    0.03
  1130    37413   393847    4.99    9999   23.31    7.97    6.83     96   47.17    4405   31.85   18010    1.17    0.45    0.05
  1131    37413   393847    6.00    9999   23.23    7.94    6.40     90   47.11    4407   31.86   18017    1.16    0.42    0.09
  1131    37413   393847    7.01    9999   23.13    7.89    5.85     82   47.07    4411   31.90   18041    1.08    0.47    0.06
  1132    37413   393847    7.99    9999   22.88    7.82    4.84     68   46.92    4420   31.97   18081    0.71    0.46   -0.05
  1132    37413   393847    9.03    9999   22.21    7.68    3.25     45   46.51    4442   32.15   18190    0.17    0.53   -0.10
  1133    37413   393847   10.04    9999   22.03    7.67    2.98     41   46.39    4446   32.18   18209    0.22    0.66   -0.05
  1133    37413   393847   11.07    9999   21.96    7.65    2.74     38   46.32    4446   32.19   18211    0.17    0.62   -0.08
  1134    37413   393847   12.06    9999   21.89    7.65    2.59     36   46.27    4447   32.19   18216    0.17    0.84    0.05
  1135    37413   393847   13.01    9999   21.68    7.61    1.99     27   46.10    4450   32.22   18231    0.16    1.09    0.02
  1135    37413   393847   13.87    9999   21.65    7.60    1.82     25   46.07    4451   32.23   18234    0.13    1.26    0.02
  1136    37413   393847   14.95    9999   21.60    7.59    1.64     23   46.03    4451   32.23   18237    0.18    1.33   -0.12
  1136    37413   393847   16.07    9999   21.47    7.56    1.06     15   45.92    4453   32.24   18245    0.14    2.35    0.02
  1137    37413   393847   17.04    9999   21.44    7.55    0.84     12   45.90    4453   32.24   18245    0.12    2.51   -0.11
 -1121    38316   393984    1.00    9999   23.55    8.05    7.84    111   47.41    4406   31.86   18014    2.11    0.47    0.29
  1121    38316   393984    2.13    9999   23.54    8.05    7.83    111   47.40    4406   31.86   18012    2.28    0.55    0.30
  1122    38316   393984    3.03    9999   23.42    8.04    7.76    110   47.31    4408   31.87   18021    2.57    0.49    0.14
  1122    38316   393984    4.00    9999   23.38    8.03    7.53    106   47.26    4407   31.87   18019    1.97    0.62    0.28
  1123    38316   393984    4.98    9999   23.34    8.00    7.11    100   47.22    4408   31.87   18022    1.54    0.52   -0.06
  1123    38316   393984    6.04    9999   23.26    7.99    6.91     97   47.15    4407   31.87   18021    1.02    0.37   -0.05
 -1054    40104   395988    1.06    9999   23.20    7.96    6.73     95   47.17    4415   31.93   18055    1.97    0.51    0.14
  1054    40104   395988    1.99    9999   23.18    7.97    6.75     95   47.16    4415   31.93   18059    2.20    0.65    0.10
  1054    40104   395988    3.06    9999   23.16    7.97    6.75     95   47.16    4417   31.95   18069    2.13    0.65    0.14
  1055    40104   395988    3.97    9999   23.17    7.97    6.77     95   47.18    4419   31.96   18074    2.06    0.61    0.25
  1055    40104   395988    5.03    9999   23.16    7.98    6.81     96   47.21    4421   31.98   18087    2.08    0.75    0.02
  1055    40104   395988    5.97    9999   23.12    7.98    6.78     96   47.20    4425   32.01   18103    2.09    0.55    0.12
  1056    40104   395988    7.02    9999   23.02    7.98    6.76     95   47.16    4429   32.05   18125    2.00    0.74    0.02
  1056    40104   395988    8.04    9999   22.95    7.96    6.56     92   47.12    4433   32.07   18141    1.76    0.73    0.10
  1056    40104   395988    8.99    9999   22.77    7.87    5.39     75   47.07    4444   32.17   18196    0.79    0.61    0.06
  1057    40104   395988   10.07    9999   22.31    7.72    3.36     47   46.86    4465   32.34   18297    0.25    0.47    0.02
  1057    40104   395988   10.97    9999   22.28    7.71    3.16     44   46.82    4465   32.34   18297    0.33    0.51   -0.03
  1058    40104   395988   12.05    9999   22.07    7.72    3.09     43   46.71    4473   32.41   18337    0.07    0.56   -0.17
  1058    40104   395988   13.04    9999   22.03    7.71    3.04     42   46.67    4474   32.41   18338    0.20    0.69   -0.09
  1059    40104   395988   14.02    9999   21.99    7.71    2.92     40   46.63    4474   32.41   18341    0.09    0.64   -0.17
  1059    40104   395988   15.07    9999   21.98    7.71    2.88     40   46.63    4474   32.41   18342    0.04    0.64   -0.17
  1059    40104   395988   15.95    9999   21.97    7.71    2.88     40   46.63    4475   32.42   18343    0.13    0.67   -0.17
  1060    40104   395988   17.05    9999   21.95    7.71    2.87     40   46.61    4475   32.42   18346    0.09    0.69    0.12
  1100    40104   395988   18.03    9999   21.93    7.71    2.79     39   46.60    4475   32.42   18347    0.24    0.63    0.07
  1100    40104   395988   18.97    9999   21.92    7.70    2.68     37   46.59    4475   32.42   18348    0.17    0.88    0.03
  1101    40104   395988   19.97    9999   21.92    7.70    2.64     36   46.58    4475   32.42   18347    0.08    0.84    0.10
  1101    40104   395988   21.02    9999   21.91    7.70    2.59     36   46.57    4475   32.42   18347    0.16    0.84    0.07
 -1034    41845   397227    1.06    9999   22.98    7.87    5.38     76   47.22    4439   32.12   18170    1.26    0.47    0.23
  1034    41845   397227    2.11    9999   22.90    7.87    5.38     76   47.15    4440   32.13   18176    1.70    0.55   -0.00
  1035    41845   397227    3.04    9999   22.83    7.85    5.22     73   47.11    4442   32.15   18184    1.19    0.48    0.19
  1035    41845   397227    4.02    9999   22.85    7.85    5.04     71   47.13    4443   32.16   18188    1.22    0.45    0.17
  1036    41845   397227    5.03    9999   22.87    7.85    4.96     70   47.23    4450   32.21   18222    1.11    0.42    0.17
  1036    41845   397227    6.03    9999   22.72    7.77    4.03     56   47.19    4460   32.30   18270    0.53    0.37   -0.28
  1037    41845   397227    6.94    9999   22.55    7.73    3.41     48   47.19    4475   32.42   18343    0.28    0.60   -0.09
  1037    41845   397227    8.08    9999   22.54    7.73    3.25     45   47.19    4475   32.42   18344    0.19    0.65    0.06
 -1023    42856   397299    1.06    9999   23.11    7.92    6.05     85   47.49    4453   32.24   18234    1.88    0.61    0.26
  1023    42856   397299    1.97    9999   23.10    7.91    5.90     83   47.48    4453   32.24   18234    1.81    0.51    0.21
  1023    42856   397299    2.97    9999   23.00    7.85    5.09     72   47.42    4456   32.26   18248    1.25    0.48    0.04
  1024    42856   397299    4.05    9999   22.92    7.83    4.85     68   47.34    4456   32.27   18253    0.92    0.33    0.05
  1024    42856   397299    4.98    9999   22.86    7.77    3.98     56   47.37    4464   32.33   18288    0.60    0.44   -0.16
  1025    42856   397299    6.00    9999   22.79    7.76    3.72     52   47.37    4470   32.38   18319    0.46    0.37    0.04
  1025    42856   397299    7.00    9999   22.84    7.75    3.45     48   47.51    4479   32.45   18361    0.34    0.44    0.07
  1025    42856   397299    7.98    9999   22.80    7.74    3.36     47   47.49    4481   32.47   18370    0.28    0.44   -0.06
  1026    42856   397299    9.06    9999   22.71    7.74    3.28     46   47.40    4480   32.46   18367    0.26    0.44    0.01
  1026    42856   397299    9.98    9999   22.70    7.74    3.25     46   47.41    4482   32.48   18377    0.35    0.51   -0.13
  1027    42856   397299   11.00    9999   22.70    7.74    3.24     45   47.41    4482   32.47   18374    0.30    0.45   -0.17
  1027    42856   397299   11.97    9999   22.66    7.74    3.24     45   47.38    4482   32.48   18377    0.31    0.52    0.01
  1027    42856   397299   12.94    9999   22.65    7.74    3.24     45   47.37    4483   32.48   18380    0.18    0.55   -0.04
  1028    42856   397299   13.97    9999   22.62    7.74    3.18     45   47.35    4484   32.49   18386    0.23    0.69   -0.06
 -1011    44440   396348    1.03    9999   23.42    7.99    6.50     92   48.04    4476   32.43   18344    1.49    0.46    0.18
  1011    44440   396348    2.04    9999   23.37    7.99    6.43     91   48.00    4477   32.43   18346    1.56    0.66    0.13
  1011    44440   396348    3.01    9999   23.37    7.99    6.46     92   48.01    4478   32.44   18351    1.45    0.70    0.03
  1012    44440   396348    4.00    9999   23.36    7.98    6.47     92   48.01    4478   32.44   18352    1.46    0.65    0.09
  1012    44440   396348    5.03    9999   23.35    7.97    6.28     89   47.99    4478   32.44   18352    1.40    0.54    0.13
  1013    44440   396348    6.01    9999   23.27    7.90    5.23     74   47.92    4478   32.44   18352    0.94    0.51    0.04
 -1001    45366   396437    1.05    9999   23.30    7.95    6.07     86   48.04    4487   32.51   18392    1.17    0.50    0.07
  1002    45366   396437    2.05    9999   23.30    7.95    6.08     86   48.03    4486   32.51   18392    1.23    0.58    0.06
  1002    45366   396437    2.95    9999   23.30    7.95    6.02     85   48.03    4486   32.51   18390    1.09    0.42    0.10
  1003    45366   396437    3.98    9999   23.29    7.94    5.89     83   48.03    4487   32.51   18393    1.09    0.52   -0.11
  1003    45366   396437    4.96    9999   23.26    7.94    5.77     82   48.03    4490   32.54   18407    0.87    0.45   -0.02
  1003    45366   396437    6.02    9999   23.25    7.92    5.58     79   48.01    4489   32.53   18404    0.70    0.51   -0.06
  1004    45366   396437    7.09    9999   23.24    7.93    5.64     80   48.03    4491   32.55   18415    0.79    0.45    0.03
  1004    45366   396437    8.01    9999   23.21    7.91    5.38     76   48.02    4493   32.56   18423    0.65    0.39   -0.09
  1005    45366   396437    9.10    9999   23.13    7.90    5.13     73   47.97    4496   32.59   18437    0.50    0.59   -0.13
 -0953    46265   396909    1.03    9999   23.11    7.94    5.93     84   47.94    4495   32.58   18434    0.92    0.48    0.04
  0954    46265   396909    1.96    9999   23.01    7.94    5.94     84   47.87    4497   32.60   18444    0.92    0.47   -0.15
  0954    46265   396909    3.04    9999   22.94    7.94    5.92     83   47.79    4497   32.60   18443    0.94    0.57    0.17
  0955    46265   396909    4.01    9999   22.88    7.94    5.87     82   47.74    4496   32.59   18441    0.92    0.55   -0.18
  0955    46265   396909    4.95    9999   22.43    7.91    5.51     77   47.34    4501   32.63   18465    0.60    0.31   -0.07
 -0937    48084   396595    1.03    9999   22.78    7.96    6.47     91   47.75    4507   32.68   18492    1.19    0.52    0.11
  0938    48084   396595    2.05    9999   22.78    7.96    6.47     91   47.74    4507   32.68   18490    1.03    0.79    0.03
  0938    48084   396595    2.96    9999   22.78    7.97    6.48     91   47.80    4512   32.72   18513    1.01    0.78    0.07
  0938    48084   396595    4.06    9999   22.82    7.98    6.49     91   47.88    4516   32.75   18531    0.92    0.79    0.01
  0939    48084   396595    4.99    9999   22.84    7.98    6.51     91   47.93    4519   32.77   18547    0.83    0.75   -0.13
  0939    48084   396595    5.99    9999   22.84    7.98    6.51     91   47.95    4520   32.79   18553    0.94    0.70    0.09
  0939    48084   396595    6.97    9999   22.82    7.98    6.51     91   47.93    4521   32.79   18558    0.86    0.85   -0.10
  0940    48084   396595    7.98    9999   22.78    7.98    6.42     90   47.89    4520   32.78   18552    0.94    0.82   -0.03
  0940    48084   396595    9.05    9999   22.78    7.98    6.39     90   47.88    4520   32.79   18554    0.92    0.82    0.00
  0940    48084   396595    9.99    9999   22.74    7.98    6.32     89   47.86    4521   32.80   18560    0.78    0.81   -0.04
  0941    48084   396595   10.99    9999   22.71    7.98    6.23     87   47.84    4522   32.80   18561    0.72    0.87   -0.00
  0941    48084   396595   11.91    9999   22.69    7.98    6.16     86   47.83    4523   32.81   18567    0.73    0.82   -0.01
  0942    48084   396595   13.00    9999   22.66    7.98    6.08     85   47.80    4523   32.81   18568    0.73    0.87    0.07
 -0926    49239   395839    1.03    9999   22.51    7.92    6.49     91   47.49    4507   32.68   18495    0.64    2.60    0.05
  0926    49239   395839    2.07    9999   22.49    7.92    6.48     90   47.51    4510   32.71   18509    0.69    1.99   -0.10
  0927    49239   395839    2.98    9999   22.46    7.92    6.48     90   47.49    4512   32.72   18518    0.70    2.42    0.08
  0927    49239   395839    4.02    9999   22.45    7.92    6.48     90   47.50    4514   32.74   18528    0.80    2.10   -0.11
  0927    49239   395839    4.97    9999   22.41    7.92    6.48     90   47.49    4517   32.76   18538    0.71    2.28    0.03
  0928    49239   395839    5.97    9999   22.41    7.92    6.49     90   47.50    4518   32.77   18544    0.76    1.98    0.01
  0928    49239   395839    6.95    9999   22.39    7.92    6.48     90   47.50    4519   32.78   18551    0.68    2.54    0.06
  0928    49239   395839    8.03    9999   22.39    7.92    6.47     90   47.51    4520   32.79   18557    0.68    2.50    0.06
  0929    49239   395839    9.02    9999   22.39    7.92    6.46     90   47.53    4522   32.80   18563    0.70    2.51    0.04
