# MEETVAARTUIG         : MILIEUCONTAINER
# MEETDATUM            : 22-06-2026 10:11:35
# MEETGEBIED           : ZEELAND
# STARTPUNT            : VTS01
# EINDPUNT             : VTS17
# PROJECTCODE          : VTS-VERTIKALEN
# OPDRACHTGEVER        : WVL
# BEHEERDER            : MOBIEL METEN
# BEMONST. INST        : []
# WAARNEMER(S)         : Bernaards
#
* 20260622
$ 9999 [00000000000000000000]
>TIJD       uumm                         
>X          coordinaat                   
>Y          coordinaat                   
>SENSHTE    Diepte set           m       
>Echms      Echoset              mtrs    
>Temp       Temperatuur          oC      
>pH         Zuurgraad            pH      
>O2         Zuurstof             mg/l    
>%O2        Zuurstof%            %       
>GELBH      Geleidendheid        mS/cm   
>GELDHD     Geleidendheid        ???     
>SALNTT     Saliniteit           dimsl   
>CL-        Chloride             mg/l    
>CHLFRFU    Chlorofyl            RFU     
>TROEBHFNU  Troebelheid          FNU     
>PHYCOUGL   Phycocyanine         ug/l    
 -1018    33200   400550    0.89   15.53   22.08    7.84    8.57    115   43.81    4195   30.16   17037    1.73    1.06    0.14
  1018    33200   400550    1.94   15.74   22.01    7.85    8.57    115   43.75    4195   30.16   17040    2.10    1.01    0.03
  1019    33200   400550    2.96   15.56   21.86    7.84    8.52    114   43.63    4197   30.18   17049    2.45    1.05    0.15
  1019    33200   400550    4.07   14.64   21.09    7.78    8.08    107   42.96    4198   30.19   17060    2.78    0.95    0.16
  1020    33200   400550    5.01   13.15   19.14    7.64    6.59     84   41.26    4202   30.23   17090    3.75    1.01    0.25
  1020    33200   400550    5.98   10.66   18.24    7.65    6.43     81   40.74    4230   30.45   17223    3.51    0.75    0.29
  1020    33200   400550    7.03    6.37   17.90    7.62    5.84     73   40.18    4204   30.24   17104    2.01    0.76    0.15
  1021    33200   400550    7.97    3.66   17.70    7.58    5.25     65   39.99    4202   30.23   17095    1.35    0.60    0.08
  1021    33200   400550    9.00    3.00   17.59    7.57    5.10     63   39.91    4204   30.24   17105    0.71    0.52    0.24
  1021    33200   400550   10.01    3.77   17.45    7.54    4.73     58   39.77    4202   30.23   17099    0.40    0.39    0.15
  1022    33200   400550   11.01    5.30   17.46    7.54    4.53     56   39.79    4203   30.24   17102    0.35    0.44   -0.21
  1022    33200   400550   11.96    5.05   17.39    7.53    4.38     54   39.73    4204   30.25   17108    0.29    0.51    0.05
  1022    33200   400550   13.01    4.25   17.38    7.53    4.33     53   39.72    4204   30.24   17106    0.27    0.36    0.03
  1023    33200   400550   13.94    3.22   17.31    7.51    4.19     52   39.66    4204   30.24   17106    0.37    0.43    0.07
  1024    33200   400550   15.08    2.13   16.51    7.41    2.70     33   38.99    4207   30.27   17125    0.16    0.44   -0.18
  1024    33200   400550   15.67    0.29   16.31    7.39    2.29     28   38.78    4203   30.24   17106    0.06    0.54    0.08
 -1026    33157   400302    0.99   12.59   22.34    7.87    8.53    115   44.08    4198   30.19   17052    1.79    1.07    0.10
  1026    33157   400302    1.97   11.43   22.41    7.88    8.50    115   44.15    4199   30.19   17053    2.37    0.97    0.33
  1027    33157   400302    3.06   10.21   22.37    7.87    8.36    113   44.10    4198   30.18   17049    2.05    0.93    0.16
  1027    33157   400302    3.98    8.99   19.18    7.70    7.06     90   41.34    4206   30.26   17108    4.29    1.16    0.44
  1028    33157   400302    5.14    7.76   18.51    7.62    5.95     75   40.76    4209   30.28   17124    2.55    0.78    0.24
  1028    33157   400302    5.95    6.82   18.19    7.63    5.87     74   40.45    4205   30.25   17108    2.91    0.84    0.43
  1029    33157   400302    7.01    5.65   17.94    7.60    5.69     71   40.27    4209   30.28   17126    2.33    0.76    0.15
  1029    33157   400302    8.04    4.54   17.71    7.58    5.44     68   40.02    4204   30.25   17107    1.02    0.59   -0.04
  1029    33157   400302    9.00    3.51   17.62    7.56    5.08     63   39.93    4204   30.24   17104    0.81    0.64    0.07
  1029    33157   400302    9.97    2.32   17.43    7.54    4.84     60   39.77    4204   30.24   17104    0.35    0.36   -0.09
  1030    33157   400302   11.00    1.45   17.42    7.53    4.64     57   39.76    4204   30.25   17107    0.44    0.44    0.10
  1030    33157   400302   11.91    0.27   17.27    7.49    4.20     52   39.67    4208   30.28   17127    0.33    0.33    0.08
 -1037    33861   398967    1.07   18.78   22.92    7.84    7.78    106   44.62    4199   30.19   17052    2.09    0.92    0.13
  1038    33861   398967    1.92   19.19   22.86    7.84    7.89    108   44.56    4199   30.19   17052    2.20    0.88    0.04
  1038    33861   398967    3.04   18.96   22.77    7.83    7.81    106   44.47    4199   30.19   17053    2.02    0.92    0.03
  1039    33861   398967    3.98   18.98   20.65    7.63    5.93     78   42.43    4185   30.05   16999    2.63    1.21    0.16
  1039    33861   398967    5.03   18.30   18.86    7.61    5.69     72   41.13    4214   30.32   17144    2.53    0.81    0.25
  1039    33861   398967    6.01   17.48   18.12    7.58    5.29     66   40.51    4218   30.35   17167    1.16    0.56    0.03
  1040    33861   398967    7.07   16.50   17.72    7.57    5.08     63   40.10    4212   30.31   17141    0.70    0.56    0.09
  1040    33861   398967    7.97   15.53   17.71    7.55    4.86     60   40.11    4213   30.32   17149    0.46    0.62    0.13
  1040    33861   398967    9.10   14.56   17.56    7.54    4.64     57   39.97    4213   30.32   17148    0.41    0.43    0.08
  1041    33861   398967   10.03   13.47   17.60    7.53    4.54     56   40.03    4216   30.34   17161    0.42    0.43   -0.11
  1041    33861   398967   11.04   12.29   18.04    7.53    4.46     56   40.63    4239   30.52   17264    0.55    0.64    0.07
  1041    33861   398967   11.97   10.86   18.15    7.53    4.40     55   40.80    4246   30.58   17295    0.54    0.54   -0.05
  1041    33861   398967   13.09    9.37   18.13    7.53    4.37     55   40.81    4248   30.60   17307    0.51    0.59    0.02
  1042    33861   398967   14.06    7.98   18.13    7.51    4.24     53   40.83    4250   30.61   17318    0.27    0.53    0.17
  1042    33861   398967   15.00    6.07   18.07    7.50    4.12     52   40.75    4247   30.59   17304    0.28    0.45    0.09
  1042    33861   398967   15.98    5.74   17.83    7.48    3.80     47   40.53    4247   30.59   17303    0.22    0.43   -0.03
  1043    33861   398967   16.98    4.63   16.94    7.43    3.07     38   39.49    4220   30.37   17182    0.19    0.53   -0.11
  1043    33861   398967   17.98    2.54   16.64    7.40    2.52     31   39.16    4213   30.32   17151    0.20    0.39   -0.04
 -1050    34776   398183    1.08    4.59   23.25    7.91    8.92    123   44.94    4203   30.22   17067    2.74    1.27    0.02
  1051    34776   398183    1.98    3.86   23.20    7.91    8.89    122   44.90    4203   30.22   17068    3.08    1.29    0.20
  1051    34776   398183    2.98    2.86   22.91    7.90    8.77    120   44.67    4205   30.24   17081    3.07    1.22    0.05
  1052    34776   398183    4.08    1.79   19.00    7.61    5.56     71   41.36    4226   30.41   17198    2.52    0.84    0.24
  1052    34776   398183    5.03    0.85   18.45    7.60    5.35     67   40.93    4232   30.46   17229    1.39    0.76    0.09
 -1055    35407   397509    1.02    8.26   23.47    7.95    9.55    132   45.14    4202   30.21   17062    3.18    1.29    0.18
  1056    35407   397509    1.98    8.24   23.46    7.95    9.44    130   45.14    4203   30.22   17066    3.51    1.39    0.27
  1056    35407   397509    2.99    8.40   22.40    7.87    8.33    113   44.26    4209   30.27   17104    3.42    1.20    0.14
  1056    35407   397509    3.95    8.91   19.57    7.62    5.67     73   41.81    4219   30.36   17166    3.37    1.00    0.26
  1057    35407   397509    5.03    8.68   19.12    7.59    5.19     66   41.53    4231   30.46   17224    2.21    0.78    0.19
  1057    35407   397509    6.09    7.94   18.56    7.57    4.98     63   41.13    4242   30.55   17277    1.36    1.07    0.16
  1057    35407   397509    7.06    6.68   18.45    7.57    4.76     60   41.21    4261   30.70   17363    0.93    1.29   -0.05
  1058    35407   397509    8.03    5.00   18.45    7.58    4.75     60   41.44    4284   30.88   17470    0.83    0.91   -0.00
  1058    35407   397509    8.96    3.21   18.35    7.57    4.60     58   41.42    4291   30.94   17503    0.79    0.83   -0.06
  1059    35407   397509   10.05    2.00   18.20    7.55    4.27     54   41.31    4294   30.96   17519    0.72    1.08    0.02
  1059    35407   397509   11.06    0.43   18.15    7.54    4.06     51   41.28    4295   30.97   17525    0.63    1.14    0.10
 -1104    36102   396930    1.03    6.65   23.57    7.92    9.07    125   45.18    4197   30.17   17038    3.09    1.25    0.34
  1104    36102   396930    2.04    5.89   23.43    7.90    8.53    118   45.02    4194   30.15   17027    3.71    1.30    0.26
  1104    36102   396930    3.03    4.54   23.02    7.88    8.26    113   44.65    4195   30.16   17031    3.68    1.34    0.22
  1105    36102   396930    3.99    3.11   20.31    7.71    6.67     87   42.46    4219   30.36   17159    4.21    1.10    0.46
  1105    36102   396930    5.01    2.05   18.67    7.59    5.14     65   41.37    4256   30.66   17341    1.65    0.82    0.06
  1106    36102   396930    5.93    1.06   18.67    7.60    5.07     64   41.54    4274   30.81   17426    1.46    0.96    0.03
 -1111    36676   395984    0.96    7.76   24.13    7.98    9.69    135   45.73    4201   30.21   17055    2.49    1.24    0.08
  1111    36676   395984    2.05    7.04   24.05    7.98    9.80    137   45.66    4201   30.20   17052    3.47    1.20    0.17
  1111    36676   395984    3.09    6.59   23.12    7.87    8.11    111   44.83    4203   30.22   17069    4.17    1.21    0.28
  1112    36676   395984    4.02    5.40   20.34    7.73    6.80     89   42.53    4223   30.39   17178    5.71    1.47    0.34
  1112    36676   395984    4.99    4.25   19.41    7.66    6.08     78   42.01    4254   30.64   17328    3.36    1.14    0.26
  1113    36676   395984    6.05    3.41   18.84    7.61    5.28     67   41.89    4294   30.96   17517    1.48    0.85    0.17
  1113    36676   395984    7.07    2.57   18.57    7.60    5.06     64   41.81    4311   31.10   17597    0.91    0.55    0.02
  1113    36676   395984    7.94    1.60   18.30    7.58    4.79     60   41.57    4312   31.11   17601    0.37    0.58    0.18
  1114    36676   395984    8.99    0.33   18.00    7.52    4.07     51   41.33    4315   31.13   17617    0.30    0.68    0.06
 -1124    37375   393852    1.00   17.68   24.45    7.97    9.46    133   45.96    4195   30.15   17022    2.50    1.21    0.03
  1124    37375   393852    2.08   16.51   24.40    7.93    8.88    125   45.90    4194   30.15   17020    2.42    1.09    0.06
  1124    37375   393852    3.04   16.14   24.33    7.89    8.50    119   45.84    4194   30.15   17021    2.38    0.97    0.05
  1125    37375   393852    4.01   15.38   24.12    7.96    9.21    128   45.67    4196   30.17   17031    3.51    1.17    0.15
  1126    37375   393852    4.93   14.15   19.15    7.61    5.05     65   42.31    4309   31.08   17584    1.86    0.68    0.14
  1127    37375   393852    5.92   13.17   19.12    7.60    4.92     63   42.32    4312   31.10   17598    1.45    0.68    0.17
  1127    37375   393852    6.92   12.31   18.79    7.63    4.99     64   42.15    4326   31.22   17667    0.80    0.49   -0.04
  1127    37375   393852    7.97   11.13   18.66    7.63    5.11     65   42.06    4329   31.24   17679    0.87    0.44    0.01
  1127    37375   393852    8.97   10.09   18.29    7.62    5.04     64   41.69    4325   31.21   17663    0.34    0.56    0.03
  1128    37375   393852   10.01    8.99   18.08    7.60    4.86     61   41.45    4319   31.17   17639    0.23    0.58   -0.07
  1128    37375   393852   10.98    8.03   17.57    7.57    4.33     54   40.95    4315   31.14   17621    0.14    0.45   -0.08
  1128    37375   393852   11.99    6.99   17.14    7.53    3.69     46   40.46    4306   31.06   17580    0.21    0.55   -0.06
  1129    37375   393852   13.01    5.94   16.59    7.49    2.89     35   39.90    4298   31.00   17547    0.13    0.49    0.05
  1130    37375   393852   14.00    4.97   15.17    7.40    1.19     14   38.49    4280   30.86   17472    0.15    0.46    0.06
  1130    37375   393852   15.05    3.91   14.81    7.40    0.86     10   38.10    4272   30.80   17437    0.16    0.64    0.08
  1130    37375   393852   15.98    2.99   14.52    7.40    0.47      6   37.84    4271   30.79   17434    0.16    0.72    0.06
  1131    37375   393852   16.96    2.07   14.45    7.40    0.32      4   37.74    4266   30.75   17412    0.12    0.79    0.16
  1131    37375   393852   18.09    1.00   14.42    7.41    0.28      3   37.72    4267   30.76   17415    0.17    0.87    0.32
 -1136    38258   393963    0.95    6.87   24.57    7.98    9.77    137   46.08    4196   30.16   17027    3.56    1.36    0.03
  1136    38258   393963    2.03    5.86   24.46    7.98    9.75    137   45.99    4197   30.17   17033    3.97    1.51    0.30
  1136    38258   393963    2.99    4.91   24.30    7.98    9.72    136   45.87    4200   30.19   17046    4.42    1.55    0.14
  1137    38258   393963    4.04    3.80   24.02    7.98    9.22    129   45.66    4204   30.23   17068    4.06    1.30    0.18
  1138    38258   393963    4.96    2.74   19.65    7.55    4.36     56   42.32    4264   30.72   17372    3.29    1.08    0.10
  1138    38258   393963    6.07    1.63   19.11    7.60    4.45     57   42.38    4319   31.16   17631    1.00    0.53    0.14
  1138    38258   393963    6.93    0.78   18.99    7.61    4.74     61   42.44    4337   31.30   17714    0.96    0.60    0.03
 -1201    40123   395998    0.98   22.68   23.81    8.04   10.60    149   45.54    4211   30.28   17101    5.08    1.71    0.35
  1202    40123   395998    1.98   21.84   23.73    8.04   10.60    148   45.47    4210   30.28   17100    5.61    1.39    0.37
  1203    40123   395998    2.94   20.67   23.43    7.98   10.00    139   45.25    4215   30.32   17125    5.65    1.22    0.34
  1204    40123   395998    5.01   18.43   20.08    7.67    5.73     75   43.49    4342   31.35   17734    2.41    0.55    0.03
  1204    40123   395998    5.98   17.40   19.78    7.65    5.29     69   43.40    4359   31.48   17815    1.19    0.32    0.05
  1204    40123   395998    7.07   16.36   19.41    7.65    5.11     66   43.11    4365   31.54   17847    0.64    0.25   -0.11
  1205    40123   395998    8.06   15.39   19.33    7.66    5.17     67   43.04    4365   31.53   17845    0.26    0.25    0.02
  1205    40123   395998    8.04   15.37   19.24    7.66    5.21     67   43.02    4373   31.60   17882    0.35    0.33   -0.08
  1205    40123   395998    9.07   14.32   18.95    7.66    5.28     68   42.71    4367   31.55   17857    0.36    0.36    0.05
  1205    40123   395998   10.03   13.43   18.91    7.66    5.29     68   42.63    4363   31.52   17840    0.29    0.39    0.03
  1206    40123   395998   11.08   12.35   18.77    7.66    5.32     68   42.50    4364   31.52   17842    0.25    0.44    0.05
  1206    40123   395998   12.01   11.46   18.70    7.66    5.35     68   42.42    4361   31.50   17831    0.15    0.33    0.03
  1206    40123   395998   13.10   10.40   18.60    7.65    5.27     67   42.30    4359   31.49   17821    0.18    0.47    0.00
  1206    40123   395998   14.06    9.32   18.59    7.65    5.27     67   42.28    4358   31.48   17818    0.15    0.33    0.01
  1207    40123   395998   15.12    8.23   18.58    7.65    5.25     67   42.28    4359   31.48   17819    0.15    0.36    0.08
  1207    40123   395998   16.07    7.27   18.54    7.64    5.20     66   42.23    4358   31.48   17817    0.16    0.36    0.04
  1207    40123   395998   16.99    6.30   18.50    7.63    5.12     65   42.19    4358   31.48   17815    0.07    0.38   -0.18
  1207    40123   395998   18.04    5.24   18.48    7.63    5.05     64   42.19    4358   31.48   17817    0.18    0.48    0.10
  1208    40123   395998   19.11    3.96   18.44    7.61    4.90     62   42.13    4357   31.47   17812    0.07    0.44    0.00
  1208    40123   395998   19.90    3.75   18.43    7.61    4.80     61   42.13    4357   31.47   17814    0.10    0.51    0.02
  1208    40123   395998   21.03    2.56   18.43    7.61    4.77     61   42.13    4357   31.47   17812    0.12    0.54   -0.05
  1208    40123   395998   21.97    1.77   18.42    7.61    4.75     60   42.12    4357   31.47   17814    0.11    0.55   -0.03
  1209    40123   395998   23.01    0.76   18.41    7.60    4.70     60   42.11    4357   31.47   17812    0.09    0.64    0.02
 -1222    41702   397141    0.99    8.44   23.73    7.99   10.00    140   45.65    4227   30.41   17175    4.18    1.36    0.29
  1222    41702   397141    2.03    7.13   23.63    7.98    9.98    138   45.56    4227   30.41   17176    4.77    1.40    0.50
  1222    41702   397141    3.09    6.03   23.35    7.95    9.62    133   45.36    4231   30.45   17199    4.29    1.25    0.13
  1223    41702   397141    4.00    4.95   20.95    7.67    5.74     76   43.95    4308   31.07   17568    4.77    1.10    0.39
  1224    41702   397141    5.02    3.76   20.17    7.64    5.01     66   43.70    4355   31.45   17793    1.76    0.53    0.10
  1224    41702   397141    6.01    2.87   20.21    7.65    4.89     64   43.94    4375   31.61   17886    0.94    0.34    0.11
  1224    41702   397141    6.93    1.86   19.90    7.66    4.97     65   43.76    4385   31.69   17935    0.48    0.54    0.03
  1225    41702   397141    8.03    0.82   19.64    7.66    4.98     65   43.51    4384   31.69   17934    0.23    0.91   -0.03
 -1230    42787   397315    0.99   14.44   24.48    8.02   10.60    150   46.33    4227   30.41   17172    3.74    1.41    0.36
  1231    42787   397315    1.97   13.30   24.04    8.01   10.60    149   45.92    4226   30.41   17170    5.32    1.45    0.25
  1231    42787   397315    3.01   11.09   21.44    7.79    7.79    104   44.07    4276   30.81   17418    8.20    1.39    0.89
  1232    42787   397315    4.04   10.33   20.83    7.68    5.76     76   44.11    4335   31.29   17695    4.40    0.84    0.44
  1233    42787   397315    5.01   11.17   20.47    7.62    4.70     62   44.19    4376   31.62   17889    0.76    0.46    0.16
  1233    42787   397315    6.07   10.46   20.23    7.63    4.60     60   44.06    4386   31.70   17936    0.60    0.43   -0.00
  1233    42787   397315    7.11    9.77   19.97    7.65    4.69     61   43.83    4387   31.71   17943    0.32    0.34   -0.08
  1234    42787   397315    8.06    8.98   19.85    7.67    4.94     64   43.74    4388   31.72   17951    0.36    0.42   -0.23
  1234    42787   397315    8.99    8.11   19.74    7.67    5.03     66   43.63    4388   31.72   17950    0.42    0.51    0.04
  1234    42787   397315    9.98    7.11   19.69    7.67    5.10     66   43.59    4388   31.72   17950    0.37    0.59    0.05
  1234    42787   397315   11.04    5.97   19.64    7.67    5.09     66   43.53    4387   31.71   17948    0.38    0.61    0.07
  1235    42787   397315   12.08    4.86   19.63    7.66    5.07     66   43.53    4387   31.71   17948    0.38    0.75   -0.15
  1235    42787   397315   13.04    3.88   19.60    7.66    5.03     65   43.50    4387   31.71   17946    0.41    0.63   -0.05
  1235    42787   397315   14.04    2.94   19.59    7.66    5.02     65   43.48    4386   31.70   17943    0.45    0.86    0.21
  1235    42787   397315   15.03    1.88   19.49    7.66    4.99     65   43.37    4384   31.69   17934    0.42    0.65    0.08
  1236    42787   397315   16.02    0.94   19.50    7.66    4.97     64   43.37    4384   31.69   17933    0.33    0.74    0.12
 -1245    44363   396388    1.03    6.23   24.22    8.01   10.00    141   46.29    4244   30.55   17254    4.03    1.27    0.35
  1245    44363   396388    2.10    5.09   24.08    8.00    9.89    138   46.21    4249   30.59   17278    4.81    1.57    0.37
  1246    44363   396388    2.98    4.74   24.02    7.98    9.59    134   46.16    4250   30.60   17282    4.67    1.41    0.32
  1246    44363   396388    3.94    4.15   22.63    7.87    8.23    112   45.03    4263   30.71   17351    7.77    1.51    0.44
  1247    44363   396388    4.97    3.27   20.79    7.64    4.88     65   44.52    4379   31.64   17902    1.87    0.60    0.24
  1247    44363   396388    5.97    2.29   20.52    7.61    4.40     58   44.41    4392   31.75   17964    0.53    0.60   -0.05
  1248    44363   396388    7.00    1.28   20.29    7.61    4.26     56   44.23    4396   31.78   17983    0.46    1.04   -0.01
 -1252    45228   396370    0.95    9.40   24.50    8.00    9.63    136   46.63    4252   30.61   17289    3.45    1.58    0.23
  1253    45228   396370    2.01    8.95   24.13    7.98    9.54    134   46.30    4253   30.62   17296    4.51    1.39    0.34
  1253    45228   396370    2.97    8.61   23.65    7.95    9.30    129   45.96    4261   30.69   17335    5.46    1.41    0.52
  1253    45228   396370    4.02    7.83   22.60    7.87    8.00    109   45.22    4284   30.87   17447    9.05    1.37    0.63
  1254    45228   396370    5.01    7.16   20.78    7.71    5.90     78   44.69    4395   31.78   17979    2.34    0.59    0.03
  1254    45228   396370    5.98    6.03   20.56    7.70    5.65     75   44.51    4399   31.81   17999    1.08    0.70    0.21
  1254    45228   396370    7.11    4.91   20.45    7.70    5.48     72   44.43    4402   31.83   18010    0.97    0.69   -0.11
  1255    45228   396370    7.99    4.00   20.25    7.68    5.30     70   44.27    4403   31.84   18019    0.96    0.78    0.10
  1255    45228   396370    8.99    3.04   20.21    7.68    5.24     69   44.22    4402   31.83   18013    0.68    0.79    0.15
  1256    45228   396370   10.03    1.94   20.21    7.69    5.30     70   44.22    4403   31.84   18017    0.86    0.73    0.01
  1256    45228   396370   11.06    1.12   20.03    7.69    5.40     71   44.08    4405   31.86   18031    0.66    0.69   -0.08
 -1301    46211   396844    1.01    4.59   24.36    7.95    9.14    129   46.55    4257   30.65   17313    3.14    1.32    0.03
  1302    46211   396844    2.02    3.59   23.78    8.02   10.60    148   46.30    4281   30.85   17426    4.78    1.61    0.35
  1302    46211   396844    3.03    2.72   22.04    7.85    7.72    105   45.46    4354   31.44   17777    6.34    1.50    0.55
  1303    46211   396844    4.09    1.63   21.28    7.75    6.51     87   45.09    4389   31.72   17947    3.57    0.92    0.25
  1303    46211   396844    5.08    0.72   20.93    7.70    5.98     80   44.88    4401   31.82   18004    2.13    0.85    0.08
 -1312    48018   396643    1.04   13.27   23.09    7.97    9.56    132   46.40    4351   31.42   17760    2.58    1.53    0.15
  1312    48018   396643    2.08   12.46   21.87    7.91    8.91    121   45.60    4386   31.70   17929    3.71    1.65    0.33
  1312    48018   396643    3.01   11.53   21.67    7.90    8.71    118   45.49    4392   31.75   17958    2.73    1.60    0.11
  1313    48018   396643    3.97   10.51   21.40    7.86    8.34    112   45.26    4396   31.78   17977    3.15    1.27    0.30
  1313    48018   396643    5.02    9.50   21.35    7.85    8.14    109   45.21    4395   31.77   17973    3.46    1.24    0.07
  1313    48018   396643    6.02    8.45   21.23    7.83    7.87    105   45.10    4394   31.77   17971    2.70    1.30    0.07
  1314    48018   396643    6.94    7.60   20.67    7.77    6.86     91   44.67    4404   31.84   18018    1.37    1.04   -0.06
  1314    48018   396643    8.08    6.47   20.58    7.76    6.59     87   44.59    4405   31.85   18023    1.48    1.04    0.22
  1314    48018   396643    9.10    5.49   20.49    7.74    6.31     83   44.51    4405   31.85   18025    1.12    1.09    0.01
  1315    48018   396643    9.97    4.65   20.39    7.74    6.21     82   44.44    4407   31.87   18036    0.97    1.11    0.09
  1315    48018   396643   10.96    3.37   20.28    7.72    6.07     80   44.35    4409   31.89   18044    0.81    0.98   -0.11
  1315    48018   396643   11.95    2.39   20.22    7.72    6.01     79   44.31    4410   31.90   18052    0.87    1.16    0.16
  1316    48018   396643   13.03    1.25   19.92    7.69    5.70     75   44.07    4415   31.94   18076    0.77    1.19    0.05
 -1322    49099   395831    0.96    9.76   22.77    7.98    9.64    133   46.22    4364   31.52   17819    2.26    1.89    0.14
  1322    49099   395831    1.94    9.08   21.65    7.91    8.98    121   45.49    4394   31.76   17967    2.80    1.88    0.16
  1323    49099   395831    3.05    7.84   21.49    7.89    8.52    115   45.36    4397   31.79   17982    2.41    1.99    0.28
  1323    49099   395831    4.00    6.49   21.34    7.87    8.28    111   45.27    4401   31.82   18004    2.23    2.64    0.03
  1323    49099   395831    5.05    5.45   21.35    7.86    8.21    110   45.28    4401   31.82   18004    2.08    1.88    0.18
  1323    49099   395831    6.02    4.44   21.38    7.87    8.19    110   45.33    4404   31.85   18017    2.02    1.78    0.09
  1324    49099   395831    7.07    3.51   21.31    7.86    8.15    109   45.29    4406   31.86   18024    1.72    2.03    0.14
  1324    49099   395831    8.07    2.62   21.27    7.85    8.05    108   45.25    4406   31.86   18027    2.24    2.04    0.18
  1324    49099   395831    8.97    1.76   21.27    7.86    8.10    109   45.28    4409   31.88   18039    1.78    1.94    0.03
  1324    49099   395831    9.91    0.79   21.26    7.86    8.16    109   45.30    4412   31.91   18053    1.75    1.98   -0.04
